1000

0
9
2
6
10
4
9
1
9
4
4
9
5
10
1
1
6

1
7
5
5
4
2
7
4
10
3
8
4
3
10
10
9
1

2
9
1
9
9
10
10
10
4
4
4
7
6
9
10
9
2

3
7
3
6
2
1
6
7
1
7
9
6
6
2
7
8
8

4
3
6
8
10
4
7
6
3
9
5
7
8
5
2
9
10

5
1
4
3
5
8
4
6
3
10
6
6
4
6
10
1
2

6
5
2
6
2
9
8
2
8
2
5
3
4
9
5
10
4

7
5
9
3
5
8
9
10
3
6
8
4
2
6
6
8
10

8
3
3
8
1
10
5
6
3
1
5
9
2
4
1
7
1

9
2
10
4
8
8
10
4
6
2
10
8
4
9
6
4
7

10
3
5
10
1
7
1
3
3
10
8
3
7
5
5
2
4

11
2
8
1
9
4
2
6
10
3
6
7
1
7
4
9
5

12
8
1
1
5
5
7
6
6
10
3
9
2
4
6
8
3

13
2
1
8
5
1
8
4
9
8
7
6
9
5
4
5
2

14
10
1
5
3
6
4
7
2
5
6
4
7
10
1
5
10

15
7
10
5
1
8
4
2
1
6
7
6
2
2
3
8
3

16
7
4
2
5
8
8
8
2
10
6
3
10
4
10
8
7

17
7
4
6
8
1
4
5
6
10
6
6
10
8
2
1
4

18
3
6
1
3
1
2
9
1
4
4
9
6
10
9
3
2

19
10
5
10
9
4
6
3
6
8
5
4
2
6
10
2
3

20
3
8
5
2
9
9
1
9
10
2
2
6
8
1
6
7

21
4
7
3
6
7
3
5
9
5
1
8
2
10
2
6
9

22
8
9
5
9
10
10
7
7
2
7
7
3
10
1
5
1

23
8
3
7
4
3
4
6
10
6
7
5
6
9
10
6
6

24
2
10
10
2
10
3
10
7
8
2
3
5
8
9
7
5

25
7
4
4
9
5
2
5
10
7
1
7
2
10
4
4
6

26
4
3
2
6
7
2
9
6
4
4
1
5
9
5
6
5

27
1
7
9
4
1
9
1
10
3
8
10
6
6
1
4
9

28
8
8
5
6
3
6
9
4
4
3
8
7
10
2
4
5

29
2
4
3
7
4
9
9
1
3
6
10
3
1
8
4
10

30
7
1
3
10
4
4
2
2
9
8
9
1
10
8
7
5

31
7
2
7
9
3
3
5
9
10
6
10
3
3
1
2
4

32
8
2
5
8
6
2
2
7
8
6
5
7
3
2
7
1

33
5
6
9
2
5
6
7
8
10
8
10
2
10
10
7
6

34
4
5
7
3
10
4
4
8
3
10
1
9
2
4
4
10

35
9
3
4
4
9
3
3
1
9
3
5
6
2
8
7
6

36
7
1
7
10
9
6
3
7
9
4
4
3
3
9
7
4

37
5
1
8
9
7
8
7
3
8
2
6
6
10
7
7
7

38
4
1
7
10
7
1
9
2
9
5
6
5
1
3
5
2

39
5
9
8
6
3
1
1
8
7
2
1
9
4
9
6
8

40
8
7
6
3
3
8
5
9
8
1
1
2
6
4
9
8

41
10
1
4
8
3
1
3
5
6
5
8
2
9
9
1
3

42
8
5
7
3
3
5
4
6
7
8
3
7
3
5
5
6

43
3
2
9
1
8
6
10
2
2
1
5
4
4
2
7
3

44
2
1
5
8
10
2
8
9
7
2
4
3
3
4
1
1

45
7
5
1
6
3
5
5
4
9
5
7
1
5
9
2
10

46
9
7
1
8
9
8
8
9
3
4
7
4
8
5
7
2

47
9
5
6
2
2
8
2
7
6
4
10
10
9
3
10
5

48
6
1
2
6
7
5
7
3
9
7
9
4
2
1
2
10

49
7
5
8
6
9
8
1
1
4
6
5
10
7
7
4
1

50
5
6
7
3
9
5
5
8
9
4
8
7
9
5
4
5

51
3
2
3
4
7
9
2
6
1
5
3
2
10
10
9
1

52
7
10
1
6
3
4
5
5
3
9
3
6
7
3
8
3

53
6
3
10
5
8
4
1
9
7
6
5
10
3
3
6
4

54
1
9
9
10
2
10
1
7
3
4
7
1
3
9
9
7

55
7
1
10
6
6
6
6
6
10
4
9
5
3
6
4
9

56
9
9
1
6
5
1
6
7
8
4
7
10
2
7
10
7

57
1
9
1
6
1
5
7
4
1
9
5
7
6
10
8
4

58
8
6
1
1
9
2
10
5
8
1
5
5
10
8
5
3

59
2
5
10
2
8
3
1
7
1
7
3
3
3
7
7
4

60
8
9
3
7
5
7
10
5
6
7
8
3
3
8
5
3

61
3
6
6
9
7
1
10
2
8
8
3
2
10
9
2
6

62
1
9
3
5
7
7
9
3
3
7
6
7
4
7
8
8

63
10
7
4
2
8
6
6
8
6
9
7
1
9
9
5
7

64
2
9
2
9
9
9
5
1
6
8
2
3
8
3
3
8

65
4
3
8
6
6
4
9
3
10
4
2
3
9
9
3
1

66
1
9
7
7
1
9
4
3
2
9
5
2
9
8
10
3

67
10
9
9
4
9
7
8
4
8
2
9
6
7
5
9
7

68
10
9
6
6
1
3
4
9
3
6
6
4
8
10
4
1

69
8
7
7
5
1
4
8
3
9
8
2
1
3
8
1
1

70
8
5
6
4
4
6
2
9
7
3
2
10
6
7
7
10

71
2
3
10
10
6
9
5
4
3
3
9
9
3
9
1
3

72
10
3
7
7
3
6
3
3
1
9
4
2
4
10
7
7

73
10
1
4
7
3
6
8
9
4
7
4
4
9
2
7
2

74
3
9
7
4
3
6
2
4
3
10
1
10
4
8
7
6

75
10
8
10
4
8
9
8
8
4
4
3
6
7
1
10
1

76
3
5
5
3
10
1
10
9
7
10
6
5
9
7
1
8

77
1
3
8
1
6
7
5
5
7
10
2
4
10
10
10
8

78
1
5
8
4
9
6
3
7
10
6
3
2
1
10
3
10

79
2
9
2
5
4
2
6
7
1
7
7
2
7
10
7
2

80
6
2
3
6
6
10
9
9
10
3
1
9
2
4
10
6

81
2
6
6
10
7
8
9
3
3
8
3
6
4
9
1
7

82
9
6
5
9
3
5
9
7
1
7
4
1
10
10
6
4

83
1
4
7
6
7
8
8
7
10
3
9
1
10
10
3
8

84
5
1
3
10
9
2
3
7
9
9
8
5
1
2
10
5

85
3
3
1
8
10
7
7
2
5
4
9
1
7
10
7
9

86
8
8
3
8
6
10
4
5
9
6
5
10
3
6
2
3

87
1
10
10
6
5
4
2
1
8
9
2
1
5
4
8
6

88
5
5
7
9
7
10
7
4
8
9
7
9
1
4
1
6

89
5
3
6
7
2
1
1
1
6
8
4
3
1
1
8
9

90
8
5
3
5
3
7
3
4
10
3
8
2
3
6
8
5

91
6
4
7
5
10
5
1
10
7
9
2
7
1
5
5
10

92
7
10
1
10
10
3
3
9
10
3
8
7
2
1
9
7

93
7
5
4
5
1
10
9
7
5
5
8
9
1
9
8
10

94
2
1
4
4
10
5
1
10
9
2
4
6
6
7
9
6

95
10
3
2
1
9
5
10
8
7
6
7
1
3
9
4
7

96
3
1
3
5
3
6
5
5
6
3
4
5
1
3
3
3

97
7
7
9
3
5
7
1
3
6
5
1
6
4
10
6
9

98
9
3
3
3
7
10
5
6
4
6
7
7
2
1
10
5

99
9
9
8
5
1
3
5
4
2
2
4
6
9
9
1
5

100
4
6
6
5
1
1
7
4
4
2
9
3
9
1
7
4

101
2
5
8
2
3
2
9
9
1
1
10
5
8
3
5
2

102
7
1
1
6
1
7
5
4
5
7
1
7
10
5
3
3

103
3
1
4
8
2
7
1
10
1
10
10
7
3
3
10
1

104
7
4
2
10
10
5
3
1
4
2
2
7
9
3
3
9

105
9
2
5
6
1
10
4
9
2
2
5
1
7
1
3
2

106
10
9
2
10
9
6
3
5
4
6
5
1
5
8
7
9

107
8
5
3
8
1
1
3
4
5
2
2
9
4
9
5
3

108
5
7
4
6
7
4
4
4
2
4
2
4
3
7
9
2

109
7
1
5
7
4
10
5
10
3
9
3
3
7
5
3
3

110
1
4
6
2
6
10
6
10
7
1
2
1
10
2
6
9

111
5
5
7
4
7
1
9
8
5
8
5
8
7
7
1
6

112
8
5
1
5
5
6
2
1
9
2
2
6
2
2
2
3

113
4
7
7
3
5
4
4
7
1
6
6
4
4
5
9
3

114
9
7
2
4
5
2
7
6
7
4
9
5
5
8
7
1

115
6
3
1
2
7
6
2
4
10
2
6
4
10
8
5
10

116
6
10
7
9
10
3
7
4
10
9
4
3
1
4
2
1

117
7
10
3
3
8
6
1
7
4
9
4
2
2
10
9
2

118
7
4
5
5
9
10
6
4
6
5
3
7
4
3
9
6

119
6
5
3
5
6
4
2
2
10
5
10
5
9
6
6
5

120
6
6
5
8
5
6
10
4
10
9
6
8
4
4
1
6

121
9
4
4
4
2
3
3
9
7
10
2
9
3
7
5
10

122
7
4
6
2
9
3
8
3
9
3
6
7
6
7
3
4

123
10
1
7
1
6
7
5
8
3
10
4
9
2
3
10
8

124
4
10
6
1
6
7
2
1
7
9
2
5
8
8
9
7

125
8
7
1
8
1
6
8
2
10
4
4
10
7
2
1
5

126
8
8
6
6
3
4
6
1
7
9
6
4
2
5
4
4

127
10
3
2
6
5
9
9
1
8
3
1
4
1
8
4
8

128
7
2
9
2
6
5
10
1
1
6
7
8
4
9
5
4

129
3
8
10
3
4
10
7
1
7
4
9
8
5
6
7
9

130
8
5
3
7
5
10
4
8
4
2
6
6
3
3
4
4

131
10
1
1
5
4
9
10
4
5
10
8
4
4
5
1
5

132
5
5
6
3
2
5
9
9
2
1
10
6
5
4
1
3

133
5
6
2
5
3
9
6
2
8
5
7
2
1
1
10
4

134
5
6
2
9
6
8
7
8
7
3
2
6
6
9
10
5

135
10
3
9
5
10
4
4
10
2
9
4
9
4
7
1
2

136
4
9
6
5
4
7
9
3
5
6
4
10
2
6
8
5

137
2
8
2
6
10
4
3
1
9
9
9
9
8
7
3
5

138
4
1
10
9
2
10
4
2
1
9
3
4
7
10
6
1

139
7
10
6
5
9
8
10
4
6
3
2
1
7
10
2
9

140
2
10
9
5
2
4
6
5
9
6
2
9
9
4
5
3

141
9
9
1
10
3
4
7
1
3
1
4
2
3
9
10
1

142
2
1
1
1
6
1
7
5
4
5
6
5
3
5
2
8

143
5
3
2
8
6
5
10
1
10
4
2
7
5
4
2
6

144
2
9
5
7
7
8
7
6
1
7
7
8
5
3
9
9

145
6
3
1
5
4
2
5
10
7
8
10
9
2
4
7
3

146
1
1
2
3
6
6
1
10
1
4
3
5
3
3
1
3

147
1
7
2
5
6
8
5
4
9
3
6
7
9
7
4
5

148
4
7
1
9
10
9
7
10
2
1
6
2
5
10
5
1

149
8
7
4
10
10
4
3
8
7
10
3
7
8
4
6
8

150
10
5
2
6
2
6
4
6
4
1
3
2
6
4
2
1

151
2
5
10
6
2
10
10
3
1
2
2
10
1
4
4
1

152
3
6
3
3
1
7
10
3
6
4
6
6
6
3
9
3

153
10
10
10
10
6
6
5
8
7
6
10
7
10
9
10
9

154
9
7
4
2
4
10
9
6
3
7
3
8
7
1
3
2

155
7
1
10
2
3
1
9
5
10
8
2
8
4
4
2
10

156
5
9
10
1
6
8
5
3
7
6
5
2
3
1
3
6

157
10
8
8
1
1
2
7
2
4
4
2
9
5
2
7
9

158
7
4
2
3
9
1
9
4
5
5
9
5
6
8
8
4

159
6
5
10
5
7
10
10
9
8
10
2
3
4
2
10
1

160
4
6
8
9
1
5
3
8
5
9
2
6
5
4
4
6

161
4
2
3
9
3
5
9
3
10
10
7
6
5
2
2
9

162
9
1
6
10
5
3
7
1
7
10
5
6
9
1
10
2

163
10
1
7
1
1
5
3
1
4
7
5
3
3
3
3
5

164
7
8
9
1
2
8
2
6
1
2
5
2
9
9
8
6

165
5
6
6
6
5
9
10
5
4
10
5
5
3
1
7
6

166
9
2
2
4
7
2
6
8
1
9
10
5
4
1
9
6

167
9
10
7
9
2
1
10
4
7
3
2
1
7
5
1
6

168
4
4
10
9
6
7
8
2
1
5
10
5
6
2
5
4

169
9
10
3
3
9
7
2
10
7
2
4
4
5
9
6
3

170
9
8
8
8
7
2
2
1
1
2
9
5
5
6
2
4

171
6
4
2
3
5
6
3
4
2
4
8
1
3
4
7
8

172
3
2
9
10
8
8
5
10
8
7
8
9
2
5
2
7

173
2
8
3
7
10
9
1
9
5
9
5
6
7
6
2
6

174
9
10
10
3
8
3
6
1
7
7
2
7
6
3
4
3

175
8
2
5
8
2
5
5
3
7
7
5
5
9
10
10
4

176
9
8
2
10
10
3
6
5
9
7
3
6
10
2
3
4

177
5
3
7
3
10
8
2
1
9
8
10
2
9
10
1
8

178
3
3
9
9
3
9
5
3
7
5
5
5
7
5
2
7

179
1
7
3
3
1
10
1
9
10
8
2
9
8
8
10
3

180
9
5
1
8
1
2
10
9
7
3
10
2
3
3
5
8

181
9
4
10
9
6
5
1
7
5
10
5
10
2
3
10
6

182
8
6
1
7
3
1
4
3
8
9
10
6
5
7
2
2

183
5
1
3
2
3
10
8
9
7
5
1
4
9
6
1
1

184
5
8
5
6
10
2
5
5
2
5
9
2
4
6
5
10

185
2
3
9
9
7
7
6
8
8
6
6
7
2
3
4
8

186
6
5
2
7
5
10
9
4
8
7
2
1
10
4
3
3

187
8
2
7
8
4
10
5
6
9
6
5
10
9
2
3
1

188
8
8
6
7
4
6
8
7
10
6
5
8
7
4
5
1

189
4
9
8
1
4
3
1
3
1
2
3
8
6
1
4
9

190
10
3
5
3
3
3
1
10
4
1
4
6
3
5
5
9

191
10
6
4
3
2
3
1
7
7
3
7
5
4
10
5
2

192
1
9
9
7
10
3
6
6
7
4
4
8
7
8
5
4

193
7
8
8
4
3
8
3
5
1
7
5
1
6
10
10
5

194
6
3
1
6
9
3
3
3
1
1
9
2
9
6
7
2

195
7
10
10
5
1
10
5
3
8
3
4
1
6
3
2
6

196
7
2
1
10
1
7
8
8
8
5
2
2
1
7
7
10

197
8
2
10
2
8
8
3
7
8
7
10
3
9
4
6
8

198
8
2
4
7
8
5
5
7
2
7
3
6
5
4
4
6

199
3
9
4
9
6
9
5
5
8
3
5
2
6
3
5
4

200
10
4
4
1
10
4
4
7
5
5
4
8
9
10
6
8

201
8
5
6
4
5
5
10
3
4
5
10
4
7
3
2
9

202
6
8
8
5
4
9
2
10
2
4
9
7
1
9
10
3

203
10
7
7
5
2
5
2
4
1
3
9
5
8
1
6
1

204
7
7
10
3
8
1
8
10
8
7
2
3
2
10
6
10

205
10
1
2
6
10
7
1
3
6
1
6
3
6
1
9
1

206
6
1
10
8
7
4
2
4
5
9
8
6
3
2
5
9

207
8
1
3
10
1
7
2
10
1
6
1
5
2
4
4
9

208
6
2
8
5
5
10
2
5
2
8
5
6
3
3
8
9

209
9
8
5
7
3
1
2
5
6
2
5
10
3
3
3
10

210
10
9
2
5
2
8
6
5
1
1
6
3
3
7
8
2

211
3
1
9
5
10
10
8
4
2
7
6
3
1
8
1
9

212
9
7
10
6
5
4
2
3
3
5
8
1
2
4
4
3

213
1
4
10
7
2
1
7
3
3
6
7
2
1
5
4
6

214
3
7
5
5
3
5
6
4
10
9
3
2
6
9
3
6

215
5
5
6
9
8
9
3
4
6
5
3
8
5
7
6
7

216
1
6
8
4
10
7
10
9
1
6
10
7
9
8
2
8

217
3
6
8
6
10
10
4
8
7
8
7
6
8
6
4
1

218
6
7
10
3
3
8
7
6
10
2
10
9
7
2
9
8

219
5
8
9
9
5
6
3
4
9
6
7
10
6
6
10
1

220
2
5
5
4
2
3
2
4
1
4
3
10
2
6
5
2

221
2
5
1
3
3
1
5
5
9
1
3
5
3
10
6
6

222
4
9
3
2
9
5
9
9
7
2
5
8
1
5
8
8

223
5
6
4
2
9
4
10
7
9
6
9
5
6
7
1
3

224
4
9
10
4
1
6
10
9
7
5
3
2
5
10
7
9

225
9
8
1
8
4
1
9
9
1
7
3
4
3
3
10
5

226
2
9
8
9
7
3
7
8
9
3
9
1
1
2
6
7

227
10
3
3
8
6
2
3
10
5
3
3
9
2
3
8
7

228
1
1
8
8
8
9
5
8
6
1
2
5
2
7
1
8

229
1
3
8
7
5
1
3
5
6
7
5
10
4
9
1
7

230
9
1
3
9
8
9
10
3
2
6
3
10
8
5
6
9

231
1
3
4
4
5
6
3
5
9
1
9
2
7
3
4
5

232
3
2
5
3
9
10
8
10
2
8
8
1
8
5
3
3

233
8
3
3
3
2
10
2
10
1
8
10
8
1
9
2
4

234
8
1
6
2
9
6
9
1
3
4
7
7
2
4
5
8

235
2
3
6
8
7
10
7
6
3
3
6
8
5
5
9
3

236
10
2
3
7
9
6
2
1
10
2
2
8
8
8
10
2

237
1
6
10
9
4
10
6
5
1
4
8
3
3
10
1
8

238
7
7
9
9
7
7
6
1
5
1
5
2
8
8
1
5

239
9
7
4
7
1
7
6
9
7
9
7
3
10
2
3
3

240
10
7
10
3
6
6
2
10
6
9
3
1
5
2
9
3

241
1
7
1
9
10
6
4
8
2
7
7
5
10
7
1
8

242
5
3
2
5
9
10
1
4
10
5
1
8
8
5
8
4

243
9
6
2
9
7
3
3
7
6
8
1
6
7
2
1
6

244
6
9
2
9
4
9
5
6
1
4
3
1
1
10
1
3

245
1
10
8
7
2
5
6
9
3
5
7
5
5
5
6
4

246
2
9
2
7
10
7
10
3
6
6
9
4
4
2
3
9

247
7
1
6
8
9
6
1
5
10
2
10
5
9
6
10
5

248
6
3
5
4
2
9
2
8
3
3
4
1
10
6
7
8

249
4
10
7
7
2
7
3
5
5
7
10
3
7
7
5
1

250
9
9
2
10
5
2
3
1
3
5
5
9
9
6
4
6

251
2
10
1
10
6
10
4
5
8
2
6
10
9
5
10
9

252
6
1
1
5
1
3
5
1
2
1
10
5
9
3
3
10

253
6
10
10
4
9
10
5
8
2
2
9
9
5
10
5
10

254
3
10
2
1
10
9
7
4
7
8
4
1
5
6
5
5

255
2
4
3
10
2
5
3
9
8
8
10
8
1
7
2
9

256
4
4
4
2
4
5
7
7
5
2
9
1
7
10
10
3

257
4
6
1
7
10
10
10
5
5
10
3
10
8
1
7
5

258
9
1
5
4
8
6
10
7
9
8
5
5
6
8
1
8

259
9
2
9
7
6
7
5
2
4
8
9
8
4
1
1
4

260
1
9
7
7
6
3
2
5
2
6
2
10
1
3
6
8

261
1
6
1
5
4
5
6
1
7
1
4
5
5
5
3
3

262
5
7
8
1
1
8
5
8
5
2
2
10
2
3
2
2

263
4
9
8
6
1
9
5
9
4
10
9
7
4
1
4
1

264
7
2
6
3
5
8
8
6
9
5
6
7
7
8
3
8

265
2
9
8
9
2
2
4
6
1
9
4
1
1
1
8
6

266
10
9
9
10
6
10
2
7
6
10
1
6
2
7
4
3

267
10
3
10
5
7
9
2
5
10
4
2
4
5
1
1
6

268
7
2
1
3
7
9
10
6
4
8
1
5
8
4
6
4

269
9
8
6
2
9
1
7
7
9
3
6
5
4
9
2
4

270
6
10
7
9
5
3
7
9
3
4
5
9
8
6
8
9

271
3
5
8
7
6
9
6
4
4
6
3
3
10
3
10
10

272
9
2
4
5
8
6
5
2
5
1
3
9
9
3
7
10

273
7
1
8
7
5
7
4
9
7
7
7
6
1
7
9
3

274
5
10
7
8
6
4
2
8
1
9
4
4
8
1
5
5

275
3
2
8
2
9
8
4
3
3
4
4
3
8
9
10
5

276
8
6
10
10
9
4
5
3
7
6
9
9
5
6
4
7

277
3
3
3
10
8
3
1
6
5
6
1
6
7
9
9
4

278
1
10
2
9
2
5
9
2
8
1
1
8
5
9
2
6

279
7
10
8
4
1
5
6
1
1
2
1
1
7
6
8
5

280
9
9
6
9
7
6
10
9
3
1
7
6
10
8
5
1

281
5
1
8
2
9
7
9
4
8
6
7
3
3
6
3
5

282
9
4
1
6
1
10
4
4
6
9
7
4
3
3
1
9

283
10
8
1
8
5
7
10
6
5
10
6
7
8
3
9
3

284
2
6
3
2
6
6
8
10
7
6
6
4
4
7
10
1

285
9
9
5
6
1
4
9
8
10
1
6
3
5
8
5
2

286
8
2
1
1
4
6
4
4
2
1
5
3
3
5
9
9

287
7
5
8
5
4
7
1
1
6
10
9
9
9
3
4
4

288
6
2
4
4
9
1
1
5
8
6
3
6
3
4
4
10

289
2
2
6
10
1
1
8
3
5
9
4
10
7
10
10
9

290
6
7
10
6
10
6
3
9
4
7
8
9
4
6
9
10

291
7
4
3
9
10
5
1
6
5
6
2
9
1
7
7
5

292
4
3
1
3
10
1
3
4
4
2
1
8
6
9
3
5

293
4
1
1
4
10
10
10
1
2
3
1
2
1
9
9
10

294
3
9
3
1
7
5
5
5
7
10
8
8
8
9
8
4

295
5
9
10
3
6
4
4
5
8
8
7
3
10
3
8
1

296
6
1
7
4
9
2
10
9
10
2
7
2
3
9
9
2

297
4
6
5
3
1
2
3
2
7
1
8
1
6
8
9
1

298
4
8
9
3
9
1
3
7
9
9
7
7
10
6
10
3

299
10
5
7
6
4
10
1
1
8
4
2
4
1
2
5
4

300
4
10
2
5
7
5
9
7
7
10
10
1
6
4
7
1

301
6
9
5
5
10
1
1
5
9
3
6
2
9
10
4
3

302
7
1
10
6
7
4
6
6
8
8
2
4
2
1
8
1

303
10
6
9
1
7
10
1
7
9
9
9
2
7
3
1
8

304
10
7
9
5
6
1
10
5
6
3
4
7
8
3
3
9

305
7
7
8
2
2
8
4
2
8
8
10
10
4
7
7
4

306
2
2
2
6
8
5
5
9
2
2
4
10
1
2
5
8

307
6
2
1
6
6
5
8
8
8
9
3
6
9
8
6
1

308
7
2
2
2
2
8
9
2
9
6
2
2
4
1
1
1

309
3
2
2
3
3
8
5
4
9
2
6
3
6
6
4
6

310
5
4
10
3
6
1
1
6
1
3
5
3
1
8
6
1

311
4
1
10
9
4
8
3
10
5
10
9
5
3
4
10
9

312
7
10
5
3
8
8
2
10
6
1
8
1
8
1
1
5

313
6
8
4
1
8
1
2
2
3
6
2
6
9
1
7
2

314
5
3
9
3
4
5
2
7
7
9
8
9
2
6
2
9

315
10
3
8
2
8
2
3
4
6
4
1
7
2
6
6
2

316
6
2
3
2
9
9
5
6
5
5
1
7
1
4
9
9

317
4
5
4
4
9
9
5
6
1
9
3
8
8
7
6
9

318
10
8
4
7
8
4
9
5
4
4
1
3
9
2
10
5

319
7
5
6
3
5
9
10
6
4
4
4
10
6
5
8
4

320
8
5
7
1
1
6
2
8
5
8
3
5
9
10
8
7

321
7
1
9
9
7
2
10
1
8
7
1
6
4
3
1
1

322
2
8
4
8
4
2
5
5
5
1
4
3
2
3
7
8

323
8
1
3
6
6
9
4
5
1
4
7
4
6
7
10
1

324
6
10
4
1
7
6
3
6
3
5
8
9
4
7
4
8

325
2
8
9
4
1
8
7
3
4
9
4
6
7
2
9
5

326
7
2
9
2
9
4
6
4
6
9
10
6
7
2
8
5

327
6
6
10
9
4
1
7
8
9
7
2
9
9
1
7
2

328
2
8
6
9
6
6
6
7
1
9
4
2
7
4
5
6

329
9
9
1
10
6
4
10
10
5
3
6
5
5
2
1
5

330
9
7
7
5
7
7
5
2
4
7
8
10
4
3
6
5

331
9
4
1
8
10
7
5
6
10
5
4
6
1
6
2
5

332
5
7
8
7
8
2
3
10
2
3
10
1
2
6
10
1

333
7
5
2
10
7
6
5
5
1
6
9
5
9
7
4
2

334
10
4
10
3
5
3
6
6
6
7
1
6
10
6
6
8

335
3
10
3
7
8
10
2
2
8
4
2
7
8
5
1
3

336
5
2
8
7
6
9
4
2
1
8
6
7
1
6
7
5

337
3
6
6
7
4
10
8
9
8
4
4
4
1
1
3
1

338
10
9
3
2
10
2
6
7
3
7
6
10
1
4
4
7

339
10
1
5
3
1
4
10
8
1
2
5
2
3
8
10
3

340
10
10
4
9
2
4
9
7
4
10
5
2
4
6
2
2

341
9
1
10
9
8
3
3
9
6
4
1
3
8
6
3
7

342
9
6
6
3
9
4
8
8
4
3
8
1
3
1
7
6

343
4
7
10
5
3
9
10
2
3
6
9
6
4
6
5
7

344
5
9
9
8
7
1
2
9
1
3
7
8
4
3
4
3

345
9
3
1
3
8
10
6
1
3
6
5
1
9
8
2
7

346
4
8
3
2
2
1
7
6
4
9
2
9
8
1
4
6

347
6
4
9
1
8
5
4
7
9
8
6
8
8
2
1
8

348
10
5
7
3
9
7
3
4
1
5
6
2
9
3
4
10

349
5
7
3
8
10
8
5
5
7
5
4
10
9
8
10
3

350
7
8
7
9
5
7
9
2
1
8
5
4
9
7
9
8

351
6
4
8
5
7
7
5
1
9
5
5
2
3
8
2
5

352
10
5
6
3
5
8
8
7
3
9
9
3
8
10
10
1

353
9
7
4
4
6
1
10
6
2
4
8
3
9
10
5
8

354
2
2
10
5
8
9
2
3
6
1
3
1
5
6
1
5

355
10
4
1
6
1
8
6
10
2
10
9
10
4
7
5
2

356
6
8
5
9
7
5
4
2
7
4
2
6
3
6
2
6

357
7
4
4
2
1
1
8
5
2
4
9
8
1
3
10
8

358
1
7
8
1
6
3
5
10
4
6
6
8
3
9
10
1

359
3
1
2
9
8
8
9
1
7
3
10
8
8
5
1
3

360
5
5
5
3
6
9
8
2
7
3
1
5
3
7
6
2

361
3
5
7
4
2
4
10
2
8
4
9
4
3
2
5
3

362
5
9
7
8
9
8
7
6
9
1
5
6
10
10
1
9

363
2
10
5
8
1
10
9
1
7
2
8
7
8
8
10
10

364
6
5
5
9
3
3
8
7
1
5
8
9
4
7
3
8

365
5
10
5
4
1
3
3
10
9
10
5
1
2
7
4
1

366
1
8
3
3
2
4
6
7
6
5
9
5
6
1
4
5

367
8
3
10
7
2
3
7
6
1
7
2
1
1
5
7
2

368
1
10
4
6
7
6
7
5
8
7
5
1
4
7
7
8

369
2
10
9
2
6
2
1
1
4
7
3
9
10
10
3
5

370
9
6
9
8
1
1
4
5
6
9
6
6
8
6
6
10

371
8
5
3
7
8
8
10
7
7
9
3
6
6
1
2
8

372
4
10
3
2
1
7
7
7
10
10
1
3
5
10
8
6

373
8
3
8
9
6
1
10
6
10
8
2
9
9
9
5
1

374
6
8
10
9
8
2
8
6
10
2
9
7
9
7
4
8

375
4
8
8
7
5
7
10
8
9
7
7
10
1
7
2
10

376
9
4
6
9
9
4
7
4
3
8
6
1
5
7
9
4

377
3
9
6
1
5
2
7
4
5
10
5
8
9
1
1
6

378
1
8
2
9
7
3
1
6
9
6
4
10
1
1
6
10

379
2
2
9
4
8
7
3
1
3
3
4
2
6
4
10
2

380
9
5
9
1
10
10
8
3
1
9
7
7
1
5
2
9

381
5
5
8
6
5
3
8
1
2
5
4
7
4
6
6
1

382
8
1
8
10
1
3
10
5
2
5
3
1
1
1
4
4

383
3
5
4
3
4
9
10
10
6
2
10
3
10
10
8
6

384
10
2
1
4
7
5
2
10
9
2
9
10
10
7
5
5

385
5
8
2
1
1
2
10
5
5
5
10
3
8
6
3
6

386
4
3
6
4
7
8
3
6
3
3
5
6
8
2
6
7

387
8
6
7
2
2
3
3
10
3
3
5
5
3
4
5
7

388
10
10
7
7
8
8
4
3
9
5
2
3
10
1
2
9

389
10
5
2
3
8
2
2
7
2
2
8
5
7
8
5
9

390
7
8
9
8
9
7
9
5
3
2
9
5
10
8
1
6

391
4
6
3
1
10
2
7
8
6
5
5
9
7
3
4
9

392
6
5
5
5
6
1
6
3
3
4
1
1
3
2
1
9

393
6
3
5
2
4
9
2
8
7
1
6
2
7
2
8
1

394
10
2
3
5
10
4
2
8
6
10
10
9
1
7
10
2

395
7
1
7
4
3
10
3
8
7
10
6
5
9
3
7
10

396
4
3
3
1
4
9
5
1
5
8
2
4
1
2
1
6

397
1
10
2
10
9
10
1
8
2
3
3
10
7
7
8
1

398
4
7
8
4
8
10
2
2
1
9
3
8
2
10
1
4

399
2
10
9
4
6
10
6
1
9
7
6
2
6
4
6
5

400
2
10
8
5
7
7
1
2
9
4
1
2
1
8
3
4

401
7
2
5
6
7
3
9
1
5
7
1
10
5
7
9
7

402
4
8
3
3
9
10
6
4
8
10
7
1
9
3
8
3

403
8
2
6
1
2
8
9
3
3
1
3
1
1
4
8
9

404
6
9
3
1
8
3
9
4
1
2
4
3
5
10
8
3

405
2
6
1
1
4
10
8
5
5
2
6
8
4
4
4
3

406
5
8
5
9
9
7
5
10
9
1
5
3
10
2
1
2

407
3
2
1
4
2
10
3
3
8
1
2
9
9
9
9
4

408
2
1
3
3
1
6
3
10
3
4
5
6
6
4
10
8

409
1
9
9
8
5
3
8
10
2
3
3
7
7
5
1
1

410
5
3
1
2
8
4
8
9
5
10
2
1
10
3
4
8

411
10
1
9
9
9
2
6
3
3
7
5
3
9
2
3
10

412
6
1
4
3
7
7
10
8
10
2
7
7
1
10
8
9

413
5
3
1
7
6
4
9
1
5
4
4
2
6
8
1
9

414
6
9
9
2
2
4
8
2
9
6
10
8
10
5
5
7

415
5
5
10
5
8
2
1
1
4
6
3
9
6
9
5
9

416
9
8
2
7
8
4
4
9
9
5
7
7
9
2
1
5

417
10
8
8
9
3
5
5
5
4
2
3
6
5
8
5
7

418
1
7
1
9
8
5
3
3
9
9
3
1
3
7
1
4

419
6
5
6
3
2
5
5
5
4
8
9
8
5
4
9
3

420
9
1
5
2
5
6
6
7
6
9
5
1
2
10
7
9

421
8
8
1
4
7
6
9
5
5
10
10
1
10
3
9
9

422
9
5
6
2
3
1
9
1
6
2
3
9
8
1
3
7

423
9
2
1
10
5
4
9
6
1
3
1
6
2
8
7
6

424
6
9
1
6
2
9
3
8
7
3
3
8
1
6
5
6

425
2
2
3
9
10
3
4
9
2
2
10
4
6
6
4
9

426
6
2
7
5
10
3
10
3
2
10
5
10
2
3
2
4

427
5
7
10
4
9
5
5
3
2
7
3
8
6
6
1
2

428
3
9
5
9
3
6
1
6
1
10
1
6
1
9
1
4

429
9
6
1
5
3
2
9
3
4
9
10
5
8
5
1
1

430
5
7
7
6
2
6
8
8
4
3
5
3
10
8
9
1

431
6
2
10
10
10
1
4
9
2
5
3
2
6
9
4
10

432
6
9
10
6
5
8
6
4
6
10
2
6
2
2
7
2

433
3
9
6
4
7
6
9
9
6
8
1
5
8
2
2
1

434
10
8
2
9
5
8
8
7
3
9
4
7
7
1
10
7

435
7
7
7
2
1
10
5
2
4
5
10
7
4
1
9
3

436
8
8
9
10
5
3
7
8
7
2
2
2
5
1
7
10

437
5
6
6
10
4
2
7
9
2
6
1
7
4
6
8
4

438
5
3
2
4
2
1
8
8
3
8
2
9
4
9
10
5

439
7
3
7
8
8
1
4
4
4
4
4
4
7
6
7
1

440
1
5
6
10
8
6
2
6
4
9
8
1
6
9
10
9

441
9
4
8
4
9
3
5
8
3
4
5
1
6
4
3
9

442
8
3
9
3
5
3
2
5
1
9
8
8
8
7
2
3

443
9
4
1
8
6
2
10
5
4
6
6
3
6
3
6
5

444
10
1
8
7
1
8
8
1
2
5
6
3
5
6
6
6

445
8
8
2
2
5
2
9
2
8
2
1
1
8
8
7
10

446
2
8
3
10
6
6
6
4
2
8
8
8
3
4
7
9

447
9
6
3
7
10
7
5
9
2
8
2
4
2
6
7
9

448
4
2
5
2
8
7
3
2
2
3
8
1
1
7
9
2

449
3
5
3
10
8
8
3
8
8
9
1
1
10
1
9
10

450
7
3
1
1
8
6
1
6
10
7
1
2
5
8
10
1

451
2
9
8
3
9
3
1
5
7
7
1
5
9
9
4
2

452
5
8
8
3
5
6
9
6
4
2
8
9
6
10
8
10

453
2
2
6
10
7
10
2
8
1
8
10
9
2
10
3
8

454
1
5
9
1
8
8
1
6
10
1
6
5
7
7
8
2

455
7
3
1
2
9
1
9
2
9
3
5
8
3
2
1
1

456
5
1
2
8
10
1
5
10
1
7
3
7
9
5
7
1

457
5
2
1
1
2
9
7
8
10
1
9
7
9
9
2
6

458
1
5
2
1
6
9
4
3
8
3
2
6
3
8
7
9

459
1
5
8
5
6
7
5
2
8
5
7
5
3
4
9
3

460
3
10
9
6
1
4
6
3
2
8
1
3
9
1
5
9

461
8
5
7
10
8
1
6
7
10
5
5
1
5
5
6
8

462
1
3
9
9
5
2
3
10
3
7
10
2
4
7
5
6

463
6
6
6
3
10
10
7
9
7
10
7
7
4
2
9
8

464
4
5
1
5
4
6
1
9
4
9
1
9
5
8
8
9

465
6
9
2
5
6
4
3
8
9
6
1
8
6
8
2
3

466
4
6
4
2
7
10
10
10
3
8
3
9
7
7
7
4

467
1
2
8
6
9
4
10
8
10
3
7
9
9
7
4
2

468
10
6
10
1
5
8
5
4
3
8
8
4
5
1
7
8

469
3
3
8
7
7
8
9
9
5
8
8
2
4
10
5
10

470
6
9
9
1
1
2
2
3
3
6
4
10
4
8
9
3

471
10
4
10
9
6
7
2
2
1
4
2
3
6
6
3
10

472
8
10
1
9
7
4
4
3
5
3
1
2
8
9
5
7

473
3
8
5
3
7
2
4
2
4
3
8
5
3
7
10
4

474
10
2
8
8
7
6
9
4
10
2
4
4
10
1
5
7

475
1
8
7
7
10
9
2
4
10
6
3
5
3
1
8
4

476
7
6
5
4
5
2
8
10
4
5
4
4
7
5
2
4

477
3
9
10
7
10
2
3
6
7
5
1
4
10
5
9
7

478
7
4
10
4
7
2
2
7
6
1
2
1
1
1
7
5

479
1
4
9
3
5
7
2
8
6
2
1
4
3
6
10
9

480
1
8
5
7
10
4
3
8
2
4
8
3
3
6
2
10

481
4
6
7
6
6
1
10
6
6
10
1
10
7
9
9
4

482
5
3
7
1
6
3
7
1
2
7
6
5
1
7
3
9

483
2
7
3
7
9
2
1
1
1
7
8
8
2
6
8
10

484
3
5
9
3
3
5
5
1
9
10
10
9
9
3
10
10

485
6
2
9
5
4
5
6
9
9
4
1
2
3
3
8
3

486
8
9
7
8
8
2
10
6
10
5
10
7
2
8
10
10

487
1
8
3
5
4
4
5
8
1
5
7
2
1
4
8
6

488
9
5
3
6
6
7
4
8
7
5
2
9
7
10
3
8

489
7
1
3
8
8
3
2
5
5
7
4
8
2
10
10
8

490
6
9
8
10
6
7
2
6
4
3
8
10
7
9
6
7

491
6
8
8
2
10
2
5
3
8
10
4
9
8
7
6
3

492
7
1
9
3
7
2
5
4
1
8
2
10
10
5
6
2

493
2
9
2
10
5
7
2
5
5
4
5
4
9
2
8
3

494
5
6
2
1
2
6
8
7
3
6
9
10
5
5
8
8

495
9
7
4
7
5
2
2
7
6
4
7
5
7
4
6
9

496
1
1
5
5
10
3
2
5
7
5
3
10
3
5
5
4

497
2
1
8
6
8
1
9
1
4
10
1
5
1
9
2
8

498
7
3
2
2
7
10
2
6
3
8
10
1
7
7
8
4

499
10
3
5
2
5
5
1
10
2
2
8
4
9
10
10
7

500
10
4
7
9
5
8
3
1
9
1
6
2
10
7
1
5

501
2
2
10
8
6
6
4
3
9
3
9
9
1
9
8
6

502
2
3
1
1
10
7
8
9
6
10
8
5
6
2
1
7

503
10
1
2
3
3
4
8
3
9
6
3
1
6
5
8
1

504
7
7
10
5
6
9
2
3
8
3
5
6
2
9
8
6

505
5
7
5
8
5
1
5
10
7
4
9
2
2
6
5
6

506
7
8
5
10
3
5
7
4
4
3
4
4
7
4
6
4

507
2
1
7
10
2
9
8
9
1
5
9
1
9
8
10
8

508
4
5
1
10
2
5
1
1
7
4
5
8
8
2
6
1

509
3
1
1
10
7
1
5
9
2
10
6
7
5
8
9
8

510
5
10
8
2
9
4
7
4
7
1
4
3
10
2
7
5

511
5
7
10
6
4
4
10
7
9
6
8
7
3
10
2
7

512
7
4
5
8
4
2
8
6
9
1
10
2
5
2
5
1

513
4
2
6
6
8
2
2
4
5
2
3
7
10
9
9
2

514
1
1
10
7
8
2
5
9
3
7
5
5
3
2
5
5

515
10
9
1
7
1
3
1
2
10
10
3
2
3
10
6
6

516
3
7
6
6
8
9
9
3
5
8
4
4
1
2
7
6

517
7
1
4
5
2
8
1
7
9
9
6
5
1
5
5
8

518
6
1
5
6
1
4
1
1
7
5
9
7
2
5
2
8

519
2
4
7
1
9
8
3
3
3
10
6
3
9
5
2
4

520
7
10
3
2
8
4
5
6
1
6
2
6
5
5
2
4

521
3
7
1
2
10
7
10
6
5
5
9
9
3
5
5
2

522
3
5
7
6
8
2
10
4
10
1
5
1
8
5
7
3

523
6
4
9
6
4
8
2
2
4
5
3
9
7
5
10
6

524
3
9
3
10
1
3
1
5
6
9
1
9
7
7
5
9

525
4
9
7
7
9
2
5
7
3
10
10
8
10
9
4
7

526
1
7
10
7
2
8
4
4
9
1
5
10
8
4
3
4

527
1
10
8
8
1
3
3
8
6
5
8
3
7
4
6
9

528
1
5
5
6
10
1
6
9
9
5
2
3
9
5
3
8

529
4
6
2
8
8
8
6
8
6
5
10
5
7
9
5
3

530
4
8
6
10
8
10
6
1
8
8
2
6
9
4
10
6

531
7
3
6
8
6
4
8
10
4
2
9
6
1
9
2
10

532
5
6
7
10
5
2
4
3
10
7
2
8
7
9
4
6

533
5
6
8
10
6
4
3
6
10
3
7
9
6
9
8
7

534
1
1
8
8
8
1
1
3
7
7
2
3
10
5
10
10

535
4
5
2
10
1
4
6
3
6
3
1
6
10
9
4
7

536
6
9
1
2
2
5
7
9
2
4
10
9
4
2
8
5

537
3
6
7
5
1
10
5
6
6
8
2
6
5
8
6
5

538
6
3
1
4
2
2
8
3
1
7
5
10
6
10
6
5

539
8
2
6
3
6
10
9
7
3
9
9
6
3
10
1
5

540
6
8
3
3
8
4
10
8
7
1
8
8
3
6
9
2

541
3
5
1
1
1
4
1
5
6
10
4
4
2
1
6
5

542
1
7
9
4
2
4
2
6
3
8
7
1
9
1
2
4

543
4
10
1
7
6
3
3
2
2
10
10
7
4
4
4
8

544
5
3
2
3
6
9
7
4
6
1
1
10
2
4
10
1

545
8
4
9
6
3
3
5
5
5
9
6
8
5
10
4
6

546
10
8
4
3
7
9
4
6
4
1
1
10
6
7
5
8

547
8
9
5
7
8
2
6
9
5
8
7
3
9
3
2
3

548
5
4
4
3
5
5
1
6
10
1
10
8
8
4
10
4

549
10
8
10
7
10
2
6
8
10
8
9
3
3
10
5
4

550
5
6
5
2
2
4
2
9
2
3
10
10
7
4
7
9

551
5
2
9
5
7
6
6
2
7
2
5
2
2
4
7
3

552
10
3
1
9
6
2
5
3
10
4
5
8
9
8
6
9

553
4
3
9
1
10
2
5
1
1
4
1
9
8
6
4
1

554
4
9
9
10
4
1
6
6
5
7
7
3
10
5
7
5

555
1
8
2
8
9
7
10
9
8
1
6
7
1
6
7
9

556
9
3
1
9
10
7
1
4
9
3
4
3
2
5
7
4

557
6
10
1
7
4
5
1
5
10
2
3
8
4
7
4
10

558
10
2
10
7
7
3
10
3
6
7
3
2
2
2
5
8

559
8
9
3
8
9
6
1
10
7
4
8
6
8
5
2
10

560
2
8
4
1
10
6
5
1
8
6
10
8
8
9
4
8

561
10
6
8
6
1
1
7
3
3
3
3
9
4
4
7
4

562
9
8
6
8
6
10
3
6
1
8
3
5
10
3
2
6

563
3
1
5
1
5
2
10
9
8
2
4
5
3
1
8
4

564
5
7
9
3
5
9
9
2
10
5
2
7
9
2
8
8

565
8
6
4
10
4
10
2
5
1
2
1
2
10
3
3
4

566
8
2
10
7
6
5
4
10
1
2
7
8
2
6
6
2

567
6
5
6
10
10
8
2
7
3
8
8
1
2
1
4
6

568
3
7
6
9
5
8
3
10
1
7
5
6
8
1
4
7

569
5
10
7
3
10
4
9
5
7
2
10
5
4
3
5
10

570
5
2
9
3
9
10
10
6
9
10
4
4
3
8
10
10

571
8
6
10
2
8
10
10
2
6
8
6
10
9
9
7
6

572
8
5
1
9
2
4
8
6
9
8
9
7
7
9
3
3

573
9
4
10
7
3
2
4
7
5
3
6
9
9
4
10
1

574
5
6
4
8
3
8
1
10
6
3
9
9
4
8
2
6

575
5
1
5
10
5
7
3
4
3
3
7
4
4
8
4
3

576
10
9
1
5
6
9
5
2
4
6
6
10
2
4
1
1

577
10
4
4
5
9
9
8
5
10
6
6
1
7
8
3
2

578
7
5
2
3
5
5
5
3
4
2
3
4
7
10
9
5

579
2
2
6
8
8
9
4
10
10
6
8
5
9
4
6
10

580
2
2
9
6
3
3
1
9
6
9
10
5
7
4
3
10

581
1
5
10
4
2
4
9
4
1
4
6
3
10
4
4
7

582
10
6
7
6
4
4
3
6
2
10
2
1
2
5
3
8

583
8
2
6
1
4
8
10
4
4
3
5
9
9
6
10
3

584
7
10
5
4
9
2
7
4
1
5
2
3
8
8
2
1

585
9
10
4
4
7
2
1
1
7
6
9
7
5
6
6
2

586
10
10
6
4
1
2
2
6
7
6
6
4
7
3
1
7

587
5
6
5
9
1
4
7
1
2
4
1
2
2
4
8
3

588
10
8
9
4
7
2
10
6
1
5
4
6
4
1
8
5

589
7
10
1
7
2
10
10
6
5
1
8
3
9
9
2
3

590
10
7
7
6
5
6
4
8
3
7
7
6
4
4
8
8

591
3
1
6
1
7
6
1
4
1
4
2
5
6
5
7
3

592
9
2
7
8
10
2
7
10
9
4
2
1
6
6
1
6

593
7
10
1
1
3
4
10
7
1
8
8
6
7
5
6
6

594
10
4
1
1
1
2
6
3
9
4
1
1
8
4
5
2

595
4
10
7
9
3
8
2
5
2
5
7
6
10
2
7
7

596
1
4
7
4
4
3
5
2
6
7
9
7
3
10
3
6

597
2
9
8
8
4
7
8
5
3
5
10
2
10
10
1
2

598
2
10
6
2
10
10
3
6
9
1
4
5
5
2
7
9

599
1
9
10
6
1
5
3
4
4
1
3
5
5
2
7
4

600
8
9
10
9
8
6
10
2
4
4
5
2
9
4
2
9

601
8
9
6
8
9
6
3
6
6
6
2
3
5
6
2
5

602
4
5
5
9
9
2
4
7
8
3
10
9
1
4
6
7

603
9
6
4
1
1
10
10
8
2
3
4
5
9
1
3
1

604
6
2
6
10
2
9
7
9
5
5
4
3
8
1
9
9

605
2
8
3
6
10
7
7
2
1
10
7
10
7
3
9
3

606
8
6
4
4
7
4
6
8
1
9
7
3
6
7
3
1

607
6
9
9
5
1
5
1
3
9
5
9
9
4
8
2
8

608
2
7
3
9
10
8
8
1
6
10
9
2
3
5
10
9

609
3
2
1
9
2
7
1
6
3
7
7
7
4
8
8
5

610
2
4
5
2
7
3
4
3
9
4
9
10
7
5
2
8

611
1
2
10
4
3
2
4
9
5
10
5
5
9
1
8
4

612
9
5
4
2
4
3
1
9
10
2
6
6
7
8
6
6

613
9
5
6
2
1
1
7
10
10
9
2
10
6
6
4
10

614
9
8
8
2
4
7
10
8
8
9
1
2
2
3
5
5

615
4
7
4
7
7
9
4
9
8
6
9
2
2
4
3
2

616
7
7
9
7
8
1
3
9
4
8
9
9
3
1
2
7

617
3
2
6
10
7
6
3
4
7
4
4
6
10
7
7
8

618
6
2
9
1
5
5
1
7
4
8
6
2
4
5
7
4

619
4
7
6
3
2
2
4
2
7
5
9
6
8
1
5
10

620
4
9
1
9
5
3
2
4
4
1
5
7
1
10
10
5

621
1
4
3
9
2
2
4
6
10
9
1
8
4
2
2
8

622
6
9
9
8
2
6
4
1
6
2
8
1
4
10
5
5

623
6
9
10
7
8
10
5
2
5
8
2
3
10
5
8
9

624
3
6
4
3
1
6
3
2
5
10
8
10
7
4
9
5

625
5
6
10
3
5
2
9
9
9
5
4
4
5
7
8
1

626
7
6
5
1
2
9
9
2
10
1
3
3
9
9
2
10

627
5
1
3
4
9
8
2
8
3
6
6
4
4
6
4
2

628
6
8
7
8
6
6
2
1
7
2
10
4
5
10
4
6

629
5
4
8
9
7
9
10
8
6
9
4
5
9
9
7
9

630
3
3
5
10
9
1
1
7
10
2
10
1
8
9
9
9

631
6
1
8
5
4
7
9
2
3
9
4
5
9
8
7
3

632
10
9
6
4
2
4
7
6
6
9
2
5
9
8
4
1

633
4
7
10
2
3
2
6
10
5
1
4
6
5
1
5
8

634
9
2
6
4
7
7
7
3
1
2
4
9
10
8
1
3

635
7
3
3
5
4
5
10
1
1
9
9
6
10
10
7
1

636
5
4
2
9
5
9
1
3
6
7
6
7
2
9
9
7

637
2
6
10
7
2
10
6
10
9
1
7
10
4
7
10
6

638
8
7
9
9
4
9
5
9
5
4
9
1
6
8
6
8

639
8
9
6
6
8
7
6
7
4
7
8
4
7
10
6
2

640
6
8
7
9
8
9
4
10
6
2
4
6
6
1
1
9

641
6
5
3
1
7
10
7
4
1
10
5
6
5
4
5
6

642
6
3
10
8
6
7
7
3
5
2
8
3
9
7
1
3

643
1
10
4
7
9
10
10
2
7
3
8
8
9
10
8
2

644
1
6
8
7
8
2
3
1
2
6
9
7
3
9
7
3

645
1
4
9
3
6
2
10
8
10
7
2
10
10
1
4
5

646
3
2
10
7
6
6
1
9
7
10
8
10
9
7
2
10

647
5
6
9
5
2
6
7
5
5
2
4
9
10
8
9
1

648
1
9
2
7
8
9
5
6
10
10
7
1
5
3
6
9

649
1
3
2
4
7
7
5
4
7
10
4
3
3
9
5
3

650
4
7
6
3
10
5
9
10
9
6
6
5
6
3
10
5

651
5
10
5
9
1
10
1
6
3
1
10
9
3
1
3
9

652
6
6
10
1
6
7
5
1
1
6
7
5
10
9
4
3

653
6
5
2
8
2
8
5
5
7
4
2
10
4
7
2
5

654
5
8
6
10
10
10
7
6
3
1
2
5
3
7
2
2

655
2
8
1
5
9
10
9
9
6
9
9
4
10
6
6
3

656
6
5
1
8
10
7
2
7
2
8
10
4
2
6
1
4

657
7
9
1
9
1
4
4
7
9
7
8
7
9
8
2
7

658
3
3
3
9
5
6
9
9
4
7
2
4
9
7
6
10

659
10
6
3
2
4
1
5
5
8
10
6
4
4
1
4
6

660
2
1
2
10
9
8
6
1
6
2
6
1
2
4
3
3

661
1
2
7
10
1
1
6
3
3
7
9
3
6
2
7
5

662
6
4
6
6
1
7
6
2
3
3
4
9
3
3
3
5

663
8
7
5
7
8
4
4
6
7
6
5
9
6
1
8
6

664
3
9
7
10
7
8
6
1
9
1
10
3
1
4
1
1

665
5
8
4
3
8
4
4
6
7
9
1
1
4
3
6
9

666
10
1
6
10
6
8
10
9
2
7
2
9
10
7
1
6

667
1
9
7
2
2
3
1
9
8
8
4
10
7
5
9
10

668
3
6
4
4
1
8
3
3
1
6
6
2
3
8
1
3

669
8
3
10
3
9
10
6
1
10
8
5
8
10
4
10
4

670
8
4
4
1
3
8
9
1
7
8
2
3
10
10
2
10

671
5
4
3
6
10
5
10
9
4
3
2
3
2
3
5
6

672
5
7
7
7
2
7
10
10
8
1
4
8
4
7
1
6

673
10
2
6
2
4
10
3
1
7
2
7
4
8
8
6
1

674
8
4
2
8
10
9
2
9
3
6
5
6
9
5
7
9

675
5
3
1
2
8
9
9
7
2
7
9
4
10
3
8
5

676
7
3
8
4
8
7
5
5
7
5
1
3
1
4
9
3

677
3
4
3
7
6
9
5
7
7
4
2
8
2
1
4
5

678
5
4
3
3
7
4
6
8
9
2
9
5
1
5
4
8

679
9
5
2
2
6
2
10
3
5
6
2
6
10
3
7
8

680
1
8
6
10
7
3
9
4
6
10
1
3
2
4
1
9

681
2
6
7
4
1
9
3
2
1
9
9
1
8
6
10
6

682
3
7
9
10
9
2
6
7
9
4
3
6
4
3
4
7

683
6
8
7
2
3
4
2
10
5
2
6
4
3
5
4
2

684
1
1
1
9
7
10
4
8
7
7
5
4
7
6
3
8

685
1
1
4
2
3
8
7
6
6
6
9
4
4
3
3
8

686
1
6
7
7
5
9
6
7
8
2
7
2
3
4
3
7

687
8
3
9
9
6
2
7
7
3
10
6
7
4
9
8
6

688
6
3
7
4
10
7
4
2
1
7
3
5
5
5
9
10

689
6
9
10
7
7
10
4
8
8
6
2
6
1
1
2
3

690
3
3
3
1
5
4
3
3
5
2
7
3
5
3
4
4

691
7
9
10
3
6
4
8
10
6
4
6
5
8
5
7
5

692
8
3
8
4
5
6
6
1
2
1
2
2
5
6
8
2

693
7
5
9
6
3
1
4
1
5
2
7
8
10
1
10
1

694
7
4
1
4
5
7
10
7
10
5
4
3
3
6
4
6

695
2
2
10
4
3
5
2
10
4
5
9
5
9
4
1
9

696
7
5
10
10
9
2
10
3
4
10
9
7
5
1
6
7

697
8
8
6
1
6
9
9
9
3
3
10
1
4
7
1
9

698
3
2
4
5
3
2
9
1
9
7
7
9
6
3
5
5

699
5
4
8
5
1
3
2
4
3
2
8
2
3
6
4
10

700
3
10
5
4
8
1
7
3
9
10
10
8
1
2
6
7

701
5
1
1
8
6
2
2
10
2
1
8
10
10
8
4
2

702
8
1
6
3
2
8
1
3
5
3
10
2
6
1
10
4

703
3
8
7
6
5
7
7
4
9
2
10
10
10
5
1
9

704
10
9
10
4
8
7
10
3
7
4
5
2
10
3
1
10

705
7
7
4
3
4
1
5
2
1
4
3
5
2
8
4
4

706
2
8
10
4
5
1
4
6
2
6
6
4
3
1
8
3

707
6
5
2
4
10
4
3
8
8
2
1
4
4
5
4
1

708
5
10
9
10
10
10
8
2
9
10
5
8
1
1
10
6

709
4
7
8
6
8
9
6
6
7
9
2
2
6
5
9
1

710
9
3
8
1
5
2
6
3
1
4
3
1
8
9
8
3

711
9
6
1
4
5
3
1
10
2
8
7
6
2
3
4
9

712
10
5
10
10
10
5
7
10
4
6
2
8
7
7
10
10

713
8
3
9
7
2
6
9
6
2
5
5
7
7
8
5
4

714
8
3
3
2
1
1
4
10
9
10
4
5
2
6
3
10

715
1
4
1
9
4
4
9
5
3
7
8
2
10
9
4
5

716
10
6
8
4
1
8
5
3
9
3
8
10
3
7
7
7

717
8
4
4
10
1
9
4
7
7
3
2
10
4
5
10
10

718
7
9
4
9
6
4
10
7
6
7
3
8
3
1
5
8

719
9
2
4
9
6
9
6
6
3
5
10
9
9
2
1
6

720
4
1
4
3
5
4
6
1
6
6
10
8
10
5
6
7

721
7
4
1
9
4
1
5
6
7
9
1
8
8
8
4
8

722
6
5
2
3
10
2
2
8
4
3
2
5
9
8
9
9

723
5
2
4
10
8
4
3
4
7
7
6
6
7
6
2
3

724
4
1
7
10
1
1
9
8
9
9
5
2
4
6
1
8

725
9
7
6
2
8
10
5
2
8
9
9
4
2
10
6
7

726
3
2
10
10
9
9
8
9
5
3
2
7
3
7
1
2

727
9
3
3
8
6
2
7
8
5
2
4
4
7
4
2
3

728
5
4
8
4
3
9
4
4
7
3
10
7
7
2
4
10

729
8
4
10
6
2
3
10
5
4
5
1
7
8
8
10
8

730
3
2
10
4
1
3
2
5
2
2
10
2
9
10
9
9

731
7
4
3
10
6
9
5
4
2
4
10
4
10
5
9
2

732
3
7
2
3
6
8
4
3
1
7
8
2
1
8
10
2

733
2
8
10
2
7
7
6
8
7
7
8
5
1
5
5
8

734
4
9
1
3
5
8
6
9
1
4
1
7
5
1
7
9

735
2
5
7
5
5
9
1
2
5
3
8
9
10
2
3
4

736
2
1
1
1
5
8
2
2
3
6
10
6
1
4
8
7

737
10
9
3
5
6
7
6
8
1
8
10
1
3
10
8
8

738
10
5
1
10
6
5
1
10
1
8
10
10
2
2
8
2

739
7
1
6
9
1
3
2
10
5
3
6
9
8
10
1
6

740
4
6
2
10
4
5
2
10
6
4
2
9
7
6
4
7

741
7
8
2
8
6
4
7
9
7
3
8
10
8
2
4
10

742
9
8
9
7
5
10
6
7
4
2
4
9
5
2
4
10

743
1
8
9
10
1
1
3
8
2
3
1
2
4
9
4
10

744
4
5
1
1
6
2
5
7
5
7
9
1
1
6
5
5

745
5
4
4
9
4
6
5
5
1
8
6
1
3
8
5
4

746
9
6
1
10
8
5
6
7
5
3
6
2
5
10
6
4

747
7
9
6
6
7
10
3
10
9
7
10
6
5
10
4
1

748
2
1
8
10
3
2
3
10
10
3
1
3
2
8
1
10

749
4
6
2
1
2
2
4
1
9
3
8
8
1
9
3
8

750
1
5
6
7
2
6
9
9
8
8
9
6
10
1
9
4

751
8
6
6
10
3
1
6
8
9
2
8
2
7
10
3
10

752
3
1
10
10
8
1
9
8
7
1
7
1
6
1
6
8

753
8
4
1
4
1
7
8
5
1
2
10
5
4
9
10
8

754
5
1
2
9
7
3
5
7
3
4
1
8
2
9
1
9

755
6
6
7
8
9
1
7
1
10
2
7
6
1
4
9
4

756
5
9
5
2
3
5
10
3
10
2
10
8
10
8
10
4

757
10
4
1
8
6
5
1
9
5
9
1
2
5
7
5
8

758
4
8
2
9
7
10
6
9
9
8
8
8
4
8
2
10

759
4
1
7
6
8
8
3
10
5
7
5
2
3
2
5
2

760
3
8
10
6
10
2
4
1
2
6
5
5
9
2
2
6

761
6
10
1
10
7
4
6
1
3
7
7
8
6
2
7
3

762
6
7
9
10
5
9
3
1
7
1
9
3
5
2
1
10

763
9
2
1
3
10
5
7
8
5
5
4
10
8
5
6
7

764
3
5
5
3
6
10
4
7
8
8
2
1
6
2
4
3

765
5
7
1
4
8
7
4
3
1
9
4
9
6
4
9
6

766
8
2
6
5
2
8
4
3
2
10
8
5
9
7
2
8

767
9
5
1
3
10
6
8
9
9
5
2
9
7
6
3
9

768
7
6
5
9
8
9
2
5
5
7
5
9
8
5
7
9

769
4
2
2
5
1
2
7
1
6
3
1
10
1
4
10
10

770
5
10
10
8
5
7
9
6
9
1
8
1
5
10
5
6

771
5
2
8
3
10
8
2
3
6
8
10
8
10
8
1
3

772
3
4
9
10
7
3
2
7
8
1
7
4
6
7
8
2

773
5
10
9
3
8
3
9
5
7
3
2
10
7
2
9
1

774
1
8
1
3
9
9
9
2
2
1
2
6
5
3
7
6

775
3
1
1
2
1
7
2
8
5
1
1
1
7
5
5
8

776
1
5
9
2
6
1
7
8
3
8
5
1
3
7
8
5

777
1
9
4
1
5
10
7
7
10
7
6
3
5
1
1
9

778
10
4
9
3
1
3
7
9
6
2
4
8
5
9
3
10

779
10
2
4
9
2
3
6
1
1
6
10
8
2
5
2
1

780
1
7
9
8
2
3
6
5
1
9
1
9
6
6
6
9

781
7
7
7
7
4
6
9
5
7
8
1
8
4
4
7
9

782
7
7
7
8
5
5
1
8
6
7
3
5
3
8
10
7

783
1
2
5
5
3
9
9
1
1
3
10
1
4
1
10
6

784
4
3
5
5
3
9
6
8
5
9
5
1
4
10
9
10

785
3
7
5
1
6
7
5
1
7
10
7
8
2
3
8
4

786
6
9
1
1
5
1
8
10
4
1
3
5
10
2
9
10

787
2
4
3
7
7
6
10
10
2
8
1
2
1
2
2
5

788
9
8
6
4
3
1
1
2
10
1
10
10
2
6
8
8

789
8
10
9
3
3
8
10
7
4
7
9
7
3
8
9
7

790
7
6
7
7
7
8
4
2
2
6
8
8
1
3
2
2

791
3
3
6
3
6
8
3
5
1
8
9
10
2
4
5
5

792
10
2
1
3
10
6
5
7
5
5
4
7
2
6
1
2

793
7
7
6
2
2
6
5
4
7
4
10
7
7
9
7
4

794
8
8
5
4
1
9
4
3
2
4
1
2
10
9
2
8

795
7
6
6
10
9
9
3
7
5
3
6
7
10
7
5
2

796
2
4
5
2
6
1
1
4
3
1
1
3
9
5
1
7

797
7
8
8
6
7
8
10
6
8
5
7
3
9
2
3
8

798
1
4
4
5
9
1
4
9
3
8
6
4
6
9
10
1

799
9
8
5
6
5
10
6
8
8
6
5
8
8
9
10
10

800
5
6
7
9
10
4
6
1
7
3
6
6
10
8
7
4

801
7
3
6
7
3
1
2
10
6
5
6
3
6
10
10
3

802
8
5
5
5
9
10
8
9
7
2
6
1
7
1
8
6

803
1
5
2
6
9
10
1
3
8
10
6
5
7
2
9
6

804
2
1
3
6
10
6
1
4
9
1
5
5
5
8
10
2

805
7
6
9
9
5
3
5
2
9
3
10
8
2
8
5
9

806
9
7
7
1
6
3
3
2
10
4
10
4
7
2
6
8

807
4
6
7
2
8
10
1
2
6
2
1
6
9
9
7
9

808
3
7
5
10
7
7
1
3
9
9
10
1
9
1
3
10

809
4
6
8
1
1
3
1
3
8
9
3
5
10
10
3
5

810
2
6
5
4
2
5
8
2
1
1
5
8
8
10
1
8

811
3
1
7
1
1
9
10
1
3
4
2
8
3
9
4
8

812
5
1
4
1
5
4
9
7
4
4
6
6
2
2
7
7

813
10
1
2
8
2
6
2
8
5
1
4
1
9
10
2
6

814
1
8
4
7
1
3
10
9
10
6
4
3
1
5
8
3

815
3
5
3
5
4
3
5
1
5
4
1
1
3
6
3
2

816
5
9
2
10
8
3
2
10
1
5
9
4
6
9
4
3

817
8
8
8
3
7
9
4
3
3
8
4
8
7
2
5
6

818
9
2
5
1
9
1
6
6
9
10
7
9
2
8
9
9

819
6
3
1
3
2
7
1
4
2
4
7
5
4
2
1
2

820
5
3
8
5
8
5
1
4
1
8
8
8
1
7
1
2

821
3
4
10
3
5
3
5
8
10
7
1
6
6
4
5
4

822
4
4
1
9
4
3
10
7
1
4
10
10
10
10
9
5

823
3
10
4
9
10
7
4
1
1
10
3
7
4
5
7
7

824
7
8
1
4
3
8
4
3
8
2
1
6
7
2
9
6

825
8
10
2
8
2
9
6
8
5
3
8
8
5
4
9
5

826
2
4
6
3
3
4
8
5
8
7
10
8
2
10
4
5

827
3
10
6
9
4
6
5
5
4
5
1
10
3
7
1
8

828
3
5
6
3
10
9
5
3
6
2
1
5
1
1
7
10

829
1
7
3
3
8
9
1
5
7
5
8
5
5
6
8
3

830
2
5
6
7
3
5
8
1
3
3
10
4
9
7
4
9

831
4
2
8
10
3
7
1
7
7
1
10
6
6
9
2
5

832
2
9
2
3
4
8
6
6
6
4
5
1
5
6
3
8

833
4
5
2
6
9
2
10
9
7
2
1
2
7
7
6
3

834
10
2
1
10
1
5
6
6
2
6
8
9
1
7
4
5

835
10
3
2
2
3
8
5
8
3
8
2
9
6
7
6
4

836
5
1
9
8
8
8
8
9
1
6
6
3
1
5
6
10

837
1
7
4
8
5
1
1
1
2
1
5
1
3
2
5
9

838
5
10
9
9
1
9
2
9
10
9
8
8
8
6
1
1

839
1
8
4
2
1
1
3
10
4
6
5
5
1
1
6
6

840
3
4
2
5
5
2
6
2
10
6
1
9
5
6
2
1

841
5
6
3
7
2
4
3
3
9
8
4
1
7
1
3
5

842
6
1
5
3
1
8
8
10
9
7
10
6
1
6
2
2

843
7
8
5
8
1
1
6
3
8
4
6
10
9
7
3
1

844
2
1
8
3
3
2
1
7
2
9
1
1
10
2
7
10

845
5
7
9
3
1
9
10
9
1
10
1
2
2
8
10
2

846
2
3
9
10
10
6
4
4
6
2
5
8
6
5
1
7

847
9
7
4
5
7
6
9
6
2
5
1
5
6
9
2
4

848
3
5
8
8
1
10
9
4
4
6
3
2
8
6
2
6

849
4
8
4
1
9
6
9
6
3
4
8
6
10
9
7
9

850
8
8
2
6
7
8
4
3
1
4
4
4
9
6
6
8

851
4
4
6
7
4
5
8
1
1
5
2
4
9
8
1
9

852
2
5
6
2
8
6
9
10
5
1
4
8
2
5
1
1

853
1
7
5
3
2
8
5
9
5
5
4
8
1
5
2
8

854
7
7
1
7
5
5
2
2
2
5
4
1
10
3
1
3

855
2
10
3
2
9
3
4
2
2
6
10
5
10
7
3
1

856
3
7
2
10
8
1
3
1
6
10
4
5
1
5
6
3

857
4
7
7
5
8
7
9
4
8
7
2
2
2
2
9
9

858
2
8
10
4
1
8
10
5
7
10
1
7
10
4
5
1

859
2
5
7
9
4
1
9
4
6
2
1
1
5
3
6
2

860
3
2
9
8
8
3
5
6
2
1
7
2
6
8
7
8

861
10
5
10
8
9
8
4
10
9
3
6
9
5
5
5
8

862
4
10
4
4
4
1
7
5
6
7
5
6
7
10
10
6

863
2
5
3
10
7
8
10
1
6
6
7
3
5
6
3
5

864
10
8
3
9
3
3
8
6
4
4
4
9
10
2
10
9

865
3
3
7
8
2
3
6
6
5
9
10
9
10
9
8
10

866
4
9
2
4
9
4
6
9
10
4
10
6
8
9
9
9

867
10
9
4
7
5
10
7
5
7
9
7
4
8
3
3
5

868
9
5
9
9
9
1
10
1
1
2
5
5
2
1
7
2

869
10
5
7
6
8
5
5
5
10
7
4
8
5
9
6
5

870
9
10
5
3
2
5
6
3
7
4
6
3
10
9
10
2

871
5
9
3
6
3
9
5
5
4
2
7
3
8
8
3
3

872
7
3
8
8
6
8
5
7
2
10
8
8
9
1
8
5

873
2
5
9
4
9
7
5
2
6
10
1
7
7
10
9
6

874
2
8
5
2
8
2
1
6
2
6
8
7
5
6
10
1

875
1
2
8
1
3
5
5
10
5
7
3
3
8
10
9
2

876
1
7
10
9
1
3
8
5
8
6
7
3
8
5
5
6

877
10
5
4
8
3
6
3
2
6
5
8
6
5
5
9
7

878
3
5
4
3
6
9
8
8
2
8
6
4
6
2
7
10

879
1
4
3
10
2
10
2
5
9
5
2
4
9
2
10
2

880
7
7
8
2
2
4
7
9
2
9
10
5
7
2
8
4

881
9
7
8
6
2
7
2
5
5
10
8
2
8
9
3
5

882
6
9
3
5
3
7
10
4
8
6
3
2
6
7
3
10

883
7
1
6
8
7
4
9
8
4
4
8
1
1
5
6
7

884
10
1
3
8
9
5
3
2
7
7
10
7
9
6
5
1

885
6
5
10
3
8
2
3
6
6
1
8
7
10
5
4
10

886
5
1
7
1
6
1
7
4
2
10
9
1
1
8
10
4

887
6
7
2
8
7
1
3
7
4
1
1
2
6
7
3
10

888
8
1
9
9
5
1
4
3
5
7
2
6
6
6
3
2

889
9
9
3
6
7
2
5
2
1
5
3
4
2
4
1
6

890
3
8
1
1
4
9
2
3
10
8
8
9
8
6
5
10

891
6
9
8
1
8
7
4
8
8
1
8
2
3
3
10
1

892
7
1
1
9
3
10
4
2
7
3
1
5
10
2
2
8

893
8
7
4
9
10
4
3
7
7
10
4
7
8
8
9
3

894
4
6
1
7
3
10
4
5
5
1
3
7
8
6
5
1

895
6
8
9
3
6
6
3
3
9
9
5
1
10
1
9
6

896
6
4
1
7
8
1
10
7
4
8
10
4
4
4
3
1

897
9
3
3
7
10
4
4
2
6
2
7
7
10
10
7
10

898
6
3
10
3
5
4
1
5
5
6
10
9
9
5
5
2

899
8
5
9
8
8
5
1
9
10
7
9
9
3
7
3
9

900
3
2
2
2
9
7
2
2
3
6
8
8
9
10
2
5

901
3
4
1
8
6
10
9
9
8
8
6
3
4
5
10
3

902
2
4
5
9
3
9
2
10
3
4
5
1
1
7
10
7

903
6
2
7
10
10
6
10
9
3
7
1
1
10
6
5
2

904
1
8
5
2
1
6
6
6
5
2
7
6
10
8
8
3

905
9
6
6
6
9
5
8
9
4
6
2
9
1
7
4
7

906
5
1
7
2
9
3
6
1
10
6
10
8
4
1
1
8

907
6
5
4
8
4
2
10
3
2
8
9
1
8
6
1
1

908
8
10
3
6
3
1
4
9
7
8
3
4
8
7
10
6

909
7
1
4
6
4
7
8
6
6
2
6
10
3
3
1
9

910
7
9
7
2
2
1
5
6
1
1
9
1
1
9
9
2

911
6
10
7
4
6
1
1
3
6
1
6
10
9
6
6
5

912
6
1
7
4
4
6
3
7
6
2
3
7
6
10
7
10

913
1
4
6
6
6
9
2
8
9
8
3
5
7
5
2
4

914
6
4
7
3
6
5
5
9
7
3
1
3
2
6
7
7

915
2
9
1
4
10
5
7
8
1
4
10
5
1
9
5
3

916
1
4
6
8
1
4
8
8
3
9
10
8
10
3
6
4

917
6
5
7
10
10
4
5
2
2
9
1
8
3
3
9
7

918
2
5
1
7
7
5
2
6
3
9
5
7
8
3
5
5

919
7
7
2
7
4
9
10
7
6
2
5
9
8
6
2
2

920
9
5
9
4
1
5
9
10
10
9
7
4
10
8
1
3

921
6
9
2
10
9
3
7
7
9
7
2
9
1
1
6
7

922
2
7
3
3
6
2
7
2
7
3
6
6
7
3
3
2

923
10
2
6
4
1
3
3
1
7
3
6
3
1
3
7
7

924
7
10
9
2
7
6
7
7
8
1
1
7
1
7
7
4

925
6
3
7
10
10
7
7
6
1
5
8
3
3
3
10
5

926
2
8
7
8
7
2
4
9
5
10
1
1
3
9
6
8

927
4
5
4
6
5
8
8
6
9
2
5
4
1
8
4
8

928
9
7
3
10
9
8
3
10
1
4
7
2
4
10
3
9

929
4
4
9
6
7
8
4
10
3
8
3
1
2
9
4
4

930
1
4
9
5
6
8
1
5
5
5
9
4
2
10
9
2

931
3
4
10
5
10
4
1
1
3
2
5
10
5
5
5
8

932
9
2
1
9
6
8
1
6
10
7
2
4
10
3
6
4

933
4
10
3
9
1
1
7
6
4
10
7
6
8
9
6
3

934
1
10
8
3
9
3
2
3
3
7
6
4
4
5
7
5

935
1
10
8
8
9
8
3
7
4
8
5
2
5
1
9
3

936
1
8
9
3
2
10
4
3
5
3
4
7
3
1
7
9

937
6
2
7
1
7
7
8
8
10
4
7
4
6
3
8
7

938
1
5
9
8
5
5
5
7
9
4
6
1
6
8
8
8

939
9
7
7
7
2
2
1
4
5
5
5
10
3
9
8
7

940
4
10
1
8
10
6
8
2
1
2
8
1
10
6
3
4

941
1
5
3
2
3
8
5
8
10
8
6
10
8
6
1
9

942
2
10
4
1
9
2
9
8
9
10
8
4
8
10
1
8

943
3
10
4
5
6
3
6
8
7
4
3
1
10
9
6
2

944
8
1
7
5
7
9
8
6
3
10
5
8
5
4
1
6

945
8
7
8
3
9
3
1
1
1
6
10
5
7
6
2
7

946
10
3
8
5
5
6
8
9
4
9
10
3
4
3
8
7

947
3
5
5
10
6
2
10
5
6
5
3
1
6
6
1
6

948
4
6
8
10
8
8
2
5
7
4
3
4
6
1
2
9

949
4
7
4
10
3
6
4
7
2
3
5
8
8
9
3
9

950
1
10
7
8
8
3
3
6
7
7
10
4
3
3
6
6

951
8
4
8
7
6
6
2
8
10
1
8
5
4
6
3
2

952
5
9
10
8
5
9
4
1
1
2
9
1
1
2
1
10

953
5
6
9
1
7
6
1
4
4
7
6
9
8
4
8
1

954
10
10
3
2
7
8
8
10
1
7
3
9
7
10
6
2

955
9
4
7
8
4
9
6
2
10
8
2
10
5
6
4
1

956
4
9
9
3
5
6
2
8
5
7
4
10
10
9
9
8

957
9
9
3
2
6
4
3
2
8
10
6
10
10
1
8
9

958
5
7
4
6
10
8
6
10
4
9
10
1
9
10
2
4

959
1
6
10
5
4
3
5
5
3
2
10
6
7
2
3
6

960
10
4
9
2
7
6
5
1
3
5
7
2
10
1
1
9

961
8
10
8
9
8
4
7
3
10
2
4
10
8
1
7
6

962
7
1
9
10
8
9
4
4
5
9
7
7
2
7
7
4

963
8
9
7
5
3
1
4
7
8
7
9
5
6
8
4
3

964
9
3
4
9
5
1
10
1
3
2
9
8
1
2
7
3

965
1
1
4
5
9
4
1
2
2
3
5
1
10
6
4
8

966
6
8
7
5
2
4
2
8
3
6
1
1
9
6
9
4

967
7
5
1
10
8
10
4
1
4
10
10
10
6
8
5
5

968
1
2
2
2
10
4
6
7
8
2
5
7
5
3
4
4

969
10
2
7
4
7
9
4
6
4
5
6
5
2
7
2
4

970
5
10
2
10
2
5
4
8
8
3
5
2
10
9
1
4

971
3
4
5
5
8
8
2
7
3
9
1
2
3
1
1
8

972
6
7
4
10
7
5
4
7
3
6
3
4
9
4
1
7

973
8
5
4
10
6
10
2
4
8
1
5
8
10
1
6
3

974
3
2
3
2
9
9
10
9
10
6
3
3
7
9
8
3

975
2
1
5
6
9
1
1
5
8
3
6
7
4
1
5
6

976
5
9
5
4
5
4
1
3
10
8
1
10
7
9
2
5

977
10
8
4
9
9
6
5
10
2
9
9
3
10
4
4
6

978
6
2
6
2
5
3
9
7
7
5
3
5
5
2
2
6

979
10
9
6
5
6
9
7
7
4
8
2
10
5
9
8
4

980
9
6
1
1
10
3
4
2
1
2
2
6
4
4
3
5

981
2
10
4
8
1
2
3
8
6
7
7
1
1
7
5
6

982
6
9
5
10
4
6
10
8
10
5
8
4
5
1
4
5

983
4
2
10
1
5
4
5
2
3
7
5
10
5
5
8
9

984
10
7
1
9
8
8
1
6
8
5
5
4
10
1
6
2

985
3
3
6
5
10
10
8
8
9
9
4
2
3
8
8
9

986
9
9
10
5
3
4
5
1
1
1
7
4
7
7
1
3

987
1
1
9
1
1
6
7
10
3
9
8
9
7
10
2
1

988
6
2
6
3
7
3
10
2
6
8
5
8
4
4
4
10

989
10
9
9
10
1
3
7
5
1
6
3
7
1
9
2
1

990
2
10
4
2
10
3
5
1
8
10
1
4
5
4
4
4

991
4
2
2
5
4
4
2
5
5
1
8
4
10
9
8
8

992
1
10
10
4
4
4
5
5
2
8
9
3
10
4
7
9

993
3
10
6
3
8
10
8
1
3
10
8
1
4
4
5
3

994
1
6
5
5
5
2
9
7
3
8
6
3
7
4
4
1

995
10
3
1
4
9
4
6
4
3
8
10
1
10
8
1
3

996
6
10
4
7
5
5
8
10
5
9
5
9
9
3
4
1

997
9
4
4
7
1
2
5
2
5
3
9
8
3
7
3
3

998
7
5
7
7
2
9
3
4
2
3
1
7
7
4
1
1

999
3
10
7
9
8
6
8
7
3
8
8
10
3
7
8
7

