1000

0
1
8 0 2 4 5 14 15 10 1 68

1
1
8 0 4 5 6 11 7 9 1 72

2
1
8 0 2 3 4 10 5 6 1 60

3
1
9 0 3 6 7 13 9 10 11 1 69

4
1
16 0 11 14 7 10 15 12 2 13 4 9 8 3 6 5 1 119

5
1
6 0 7 9 11 13 1 59

6
1
7 0 3 6 15 14 13 1 70

7
1
11 0 2 4 15 9 10 11 12 13 14 1 84

8
1
8 0 2 3 4 5 15 9 1 62

9
1
6 0 2 7 8 10 1 59

10
1
8 0 3 13 11 5 7 14 1 66

11
1
8 0 2 4 5 6 13 8 1 83

12
1
7 0 15 6 7 12 8 1 72

13
1
6 0 12 4 5 10 1 57

14
1
6 0 2 3 11 8 1 45

15
1
6 0 3 5 15 13 1 56

16
1
7 0 2 9 10 11 14 1 56

17
1
7 0 11 12 10 5 6 1 79

18
1
7 0 2 3 9 11 13 1 55

19
2
7 0 13 14 9 10 12 1 68
8 0 2 3 6 7 11 12 1 68

20
2
9 0 7 8 9 3 15 5 6 1 76
8 0 7 9 3 15 5 6 1 76

21
1
8 0 13 5 6 8 9 12 1 82

22
1
8 0 2 3 5 11 13 9 1 71

23
1
6 0 12 4 9 11 1 58

24
1
7 0 12 3 5 11 7 1 39

25
1
6 0 2 4 6 15 1 64

26
1
9 0 2 3 4 5 15 10 14 1 43

27
1
7 0 2 4 14 7 8 1 73

28
1
9 0 2 5 6 7 14 11 12 1 80

29
1
7 0 4 13 6 8 12 1 74

30
1
10 0 3 4 6 7 12 13 14 10 1 71

31
1
7 0 5 7 9 14 11 1 59

32
1
8 0 3 5 11 6 12 13 1 61

33
1
7 0 2 3 4 5 15 1 76

34
1
16 0 6 14 3 9 13 15 4 8 12 5 2 11 7 10 1 99

35
1
6 0 3 8 10 5 1 41

36
1
6 0 3 4 5 10 1 59

37
1
4 0 15 7 1 31

38
1
8 0 2 3 5 14 9 15 1 77

39
1
7 0 15 12 8 10 11 1 49

40
1
8 0 2 3 4 7 8 15 1 64

41
1
9 0 3 5 11 6 8 14 9 1 78

42
1
9 0 12 4 5 14 9 10 11 1 72

43
1
9 0 2 3 12 4 15 9 11 1 112

44
1
10 0 2 5 6 8 11 14 15 12 1 77

45
1
8 0 2 5 8 14 12 15 1 69

46
1
7 0 15 4 5 13 11 1 76

47
2
6 0 2 9 13 14 1 54
6 0 3 9 13 14 1 54

48
2
6 0 10 5 6 9 1 72
6 0 10 5 6 13 1 72

49
1
6 0 2 3 12 15 1 49

50
1
8 0 2 6 12 7 15 13 1 49

51
1
8 0 2 3 5 14 11 12 1 69

52
2
9 0 10 3 12 5 6 7 15 1 91
10 0 10 3 4 12 5 6 7 15 1 91

53
1
6 0 7 3 4 10 1 44

54
1
7 0 9 6 11 12 8 1 74

55
1
8 0 2 4 9 5 6 8 1 62

56
1
8 0 11 3 6 15 14 9 1 67

57
1
7 0 2 3 6 15 12 1 63

58
1
7 0 9 3 15 12 14 1 58

59
1
9 0 8 11 4 15 9 12 13 1 96

60
2
6 0 10 5 13 7 1 43
7 0 10 5 13 14 7 1 43

61
1
5 0 12 13 15 1 34

62
1
7 0 2 4 12 14 10 1 80

63
1
11 0 2 3 5 6 7 12 15 13 10 1 108

64
1
7 0 8 4 5 14 7 1 58

65
1
9 0 2 3 10 7 11 12 8 1 83

66
1
8 0 3 4 5 7 14 13 1 58

67
1
8 0 2 3 12 14 6 10 1 68

68
1
7 0 2 3 10 12 7 1 49

69
1
6 0 8 5 6 14 1 73

70
1
8 0 2 5 6 13 9 10 1 70

71
1
7 0 2 3 11 13 10 1 64

72
3
7 0 3 9 4 11 13 1 56
8 0 3 9 4 5 11 13 1 56
5 0 3 10 14 1 56

73
2
6 0 4 5 14 9 1 58
7 0 4 5 14 7 9 1 58

74
1
7 0 3 14 8 15 10 1 53

75
2
7 0 4 11 6 13 8 1 64
6 0 4 11 6 15 1 64

76
2
8 0 2 3 8 13 11 15 1 52
8 0 2 3 12 13 11 15 1 52

77
2
5 0 2 8 15 1 54
6 0 10 11 8 15 1 54

78
1
7 0 10 11 12 6 8 1 73

79
1
8 0 2 5 14 7 12 13 1 76

80
1
7 0 3 7 11 12 13 1 55

81
1
8 0 3 4 14 13 8 9 1 67

82
1
5 0 11 7 9 1 50

83
1
7 0 2 3 6 8 14 1 62

84
2
8 0 9 10 4 14 6 8 1 89
8 0 9 10 4 14 6 15 1 89

85
1
7 0 12 6 10 14 15 1 62

86
1
7 0 10 5 12 13 8 1 52

87
1
16 0 8 14 11 2 15 12 9 7 6 3 10 5 13 4 1 112

88
1
6 0 3 10 11 14 1 53

89
1
7 0 2 4 5 8 9 1 54

90
2
4 0 10 8 1 25
4 0 14 13 1 25

91
1
10 0 2 3 4 10 11 6 14 8 1 45

92
1
8 0 2 3 5 8 7 11 1 57

93
1
8 0 2 3 5 8 13 15 1 58

94
1
10 0 3 4 6 7 14 9 10 12 1 76

95
1
8 0 12 3 6 7 8 13 1 76

96
1
12 0 3 12 5 13 15 6 8 9 10 11 1 61

97
1
10 0 2 3 4 11 12 14 6 8 1 86

98
1
8 0 3 11 12 7 13 14 1 82

99
1
7 0 2 4 7 13 15 1 62

100
1
7 0 2 4 11 7 14 1 61

101
1
8 0 2 3 12 5 7 9 1 75

102
1
7 0 2 3 4 13 15 1 88

103
2
9 0 2 3 11 12 6 15 9 1 77
9 0 2 3 11 13 6 15 9 1 77

104
1
4 0 13 7 1 37

105
1
5 0 15 6 9 1 52

106
1
8 0 2 3 9 12 6 7 1 76

107
1
7 0 2 4 5 13 14 1 63

108
2
15 0 5 10 7 9 15 2 14 11 8 12 3 13 4 1 113
16 0 5 10 7 9 15 2 14 11 6 8 12 3 13 4 1 113

109
1
9 0 2 3 5 7 14 10 15 1 71

110
1
8 0 13 4 8 10 15 14 1 86

111
1
9 0 2 3 14 5 15 6 11 1 51

112
1
7 0 2 3 11 4 6 1 82

113
1
10 0 2 3 11 5 6 12 7 8 1 78

114
3
6 0 10 7 15 9 1 54
7 0 2 5 7 15 9 1 54
8 0 2 3 5 7 15 9 1 54

115
2
8 0 2 3 5 12 6 8 1 81
8 0 2 3 5 12 7 8 1 81

116
1
9 0 8 9 3 4 5 6 12 1 57

117
1
6 0 2 6 8 10 1 56

118
1
10 0 9 4 5 10 14 11 7 15 1 78

119
1
8 0 2 3 14 7 12 13 1 65

120
1
10 0 2 3 10 12 6 7 14 15 1 82

121
1
8 0 12 13 5 7 15 14 1 61

122
1
11 0 2 4 10 13 5 14 6 7 15 1 101

123
1
8 0 3 5 7 11 12 13 1 70

124
2
7 0 2 4 13 14 9 1 69
8 0 5 15 6 7 14 9 1 69

125
1
9 0 3 4 13 6 14 7 15 1 69

126
1
8 0 2 3 5 7 14 9 1 63

127
1
7 0 4 11 14 15 9 1 63

128
1
7 0 2 6 7 8 9 1 79

129
1
7 0 13 3 10 6 12 1 73

130
1
7 0 2 3 12 5 8 1 58

131
1
8 0 10 4 11 9 14 12 1 80

132
1
7 0 11 12 6 13 10 1 60

133
1
16 0 5 8 3 6 4 13 10 2 12 11 14 15 7 9 1 103

134
2
6 0 2 3 5 10 1 45
7 0 2 3 5 15 10 1 45

135
1
6 0 3 11 5 6 1 47

136
2
9 0 2 3 12 5 6 8 14 1 81
9 0 2 3 4 5 6 8 14 1 81

137
1
7 0 3 4 5 14 15 1 45

138
2
9 0 2 3 10 9 12 14 15 1 60
8 0 2 3 10 13 14 15 1 60

139
1
6 0 3 5 12 13 1 60

140
1
8 0 2 6 11 8 9 13 1 67

141
1
6 0 3 12 14 9 1 61

142
1
7 0 2 4 6 7 14 1 57

143
2
7 0 8 3 5 11 7 1 78
7 0 8 3 5 12 7 1 78

144
1
8 0 2 3 4 7 8 10 1 58

145
1
9 0 9 11 5 12 14 6 7 1 81

146
2
7 0 2 4 5 6 8 1 50
8 0 2 4 15 10 7 14 1 50

147
1
7 0 2 3 9 12 13 1 51

148
1
16 0 9 10 11 5 3 14 4 6 7 15 2 12 13 8 1 141

149
1
7 0 2 3 8 9 12 1 54

150
1
8 0 10 5 8 12 9 13 1 71

151
2
6 0 9 10 11 13 1 47
8 0 2 3 15 10 11 13 1 47

152
1
8 0 2 3 9 12 14 6 1 61

153
2
7 0 2 4 13 9 6 1 88
7 0 2 4 13 15 14 1 88

154
1
8 0 2 5 6 8 11 14 1 69

155
1
6 0 9 3 13 8 1 59

156
1
16 0 2 10 11 15 6 14 3 12 4 7 5 13 8 9 1 134

157
2
8 0 12 6 8 10 14 15 1 79
8 0 5 6 8 10 14 15 1 79

158
1
7 0 12 13 6 7 11 1 65

159
1
8 0 2 3 4 7 9 10 1 59

160
1
8 0 2 4 13 14 8 10 1 73

161
1
9 0 2 3 9 4 10 7 8 1 61

162
1
8 0 2 3 12 7 10 14 1 52

163
1
8 0 2 4 5 9 10 13 1 67

164
1
8 0 2 4 7 9 14 11 1 58

165
1
7 0 2 5 13 7 14 1 53

166
1
9 0 3 4 15 7 13 14 8 1 70

167
1
8 0 3 9 10 11 12 7 1 75

168
1
5 0 2 5 15 1 52

169
1
6 0 14 9 5 12 1 55

170
1
7 0 15 4 5 14 10 1 67

171
1
7 0 2 3 13 6 15 1 59

172
1
6 0 12 8 13 15 1 61

173
1
4 0 6 15 1 35

174
1
6 0 2 4 5 9 1 63

175
1
9 0 2 3 10 5 7 8 15 1 70

176
1
7 0 3 9 14 7 8 1 53

177
1
9 0 6 3 11 7 8 9 13 1 76

178
1
6 0 7 3 11 4 1 48

179
1
3 0 8 1 41

180
1
9 0 13 14 7 15 9 10 12 1 76

181
2
9 0 2 3 4 6 14 11 15 1 51
8 0 2 5 6 14 11 15 1 51

182
2
6 0 4 14 8 9 1 36
6 0 2 3 12 9 1 36

183
1
7 0 2 6 8 13 14 1 73

184
1
10 0 3 4 7 5 10 13 14 12 1 79

185
1
5 0 9 3 10 1 58

186
1
6 0 2 4 15 10 1 48

187
2
6 0 2 3 4 8 1 40
6 0 2 3 4 7 1 40

188
2
6 0 8 9 4 11 1 46
6 0 8 9 4 7 1 46

189
1
6 0 4 5 15 7 1 54

190
1
5 0 9 12 8 1 65

191
1
8 0 13 3 14 11 15 8 1 82

192
1
8 0 2 3 12 6 7 10 1 78

193
2
8 0 8 11 5 15 12 7 1 63
8 0 13 11 5 15 12 7 1 63

194
1
8 0 2 4 13 10 11 14 1 77

195
1
8 0 8 9 10 13 6 7 1 76

196
1
8 0 2 3 4 14 15 5 1 68

197
2
6 0 3 4 5 9 1 66
6 0 3 4 14 13 1 66

198
1
9 0 2 3 11 5 6 8 14 1 86

199
1
5 0 2 9 10 1 42

200
1
7 0 15 5 6 7 11 1 52

201
1
9 0 3 4 5 7 8 9 15 1 76

202
2
3 0 8 1 23
3 0 10 1 23

203
2
6 0 13 9 6 12 1 56
5 0 13 9 5 1 56

204
1
16 0 6 7 12 14 2 13 10 9 15 4 5 11 3 8 1 125

205
1
7 0 13 6 14 7 9 1 62

206
1
7 0 2 4 10 7 12 1 75

207
1
9 0 2 3 11 12 14 15 10 1 73

208
1
7 0 2 4 11 6 13 1 43

209
1
7 0 11 3 4 14 9 1 55

210
1
6 0 13 7 8 10 1 67

211
1
8 0 2 3 14 7 8 11 1 72

212
1
7 0 2 3 11 14 9 1 58

213
2
7 0 2 3 10 13 15 1 61
7 0 2 5 10 13 15 1 61

214
1
7 0 2 4 9 10 15 1 72

215
1
8 0 2 3 5 6 9 10 1 78

216
1
8 0 13 3 11 6 14 8 1 52

217
1
10 0 12 4 6 7 8 15 14 11 1 100

218
1
11 0 2 3 4 12 5 8 9 11 15 1 60

219
1
10 0 2 3 4 6 13 14 10 11 1 104

220
1
7 0 2 5 6 10 11 1 50

221
1
7 0 15 6 8 13 14 1 67

222
1
8 0 4 5 9 10 11 12 1 69

223
1
7 0 2 4 11 12 13 1 71

224
1
8 0 4 6 15 12 13 14 1 57

225
2
6 0 3 4 5 15 1 45
7 0 3 4 13 7 15 1 45

226
1
9 0 2 3 8 9 5 12 14 1 59

227
1
6 0 9 10 6 8 1 50

228
1
9 0 8 9 3 4 5 10 13 1 69

229
1
9 0 2 4 5 11 8 12 14 1 64

230
1
7 0 3 7 5 13 10 1 56

231
2
8 0 13 14 9 3 12 4 1 50
6 0 13 14 12 4 1 50

232
1
8 0 2 5 14 6 15 10 1 57

233
1
6 0 8 11 15 13 1 52

234
1
8 0 2 3 10 12 15 8 1 69

235
1
7 0 2 6 15 10 11 1 69

236
1
7 0 8 10 14 15 7 1 52

237
1
8 0 8 11 3 4 6 13 1 53

238
1
7 0 2 6 15 10 11 1 50

239
1
8 0 3 12 5 8 9 13 1 73

240
1
8 0 3 12 5 6 9 15 1 60

241
1
9 0 11 12 3 15 5 7 10 1 58

242
1
6 0 3 5 6 8 1 47

243
1
8 0 12 3 5 9 10 11 1 58

244
2
8 0 8 9 3 11 5 14 1 55
8 0 8 9 3 11 5 6 1 55

245
1
7 0 2 4 10 11 8 1 60

246
1
7 0 9 5 10 11 13 1 63

247
1
7 0 3 7 10 11 13 1 68

248
1
7 0 11 12 4 5 6 1 71

249
1
6 0 2 4 5 11 1 71

250
1
5 0 7 8 10 1 55

251
1
9 0 2 4 6 7 8 15 14 1 58

252
2
7 0 2 3 10 14 15 1 63
8 0 2 3 4 10 14 15 1 63

253
1
6 0 15 7 8 9 1 47

254
1
8 0 2 4 12 9 10 14 1 63

255
1
6 0 2 3 4 13 1 52

256
1
6 0 2 4 10 14 1 62

257
1
6 0 3 6 14 12 1 54

258
1
9 0 3 4 6 8 9 10 15 1 89

259
1
10 0 2 4 5 13 6 12 8 14 1 85

260
1
8 0 2 3 4 15 6 8 1 75

261
1
7 0 2 5 14 7 10 1 73

262
2
6 0 4 9 15 10 1 45
5 0 4 15 10 1 45

263
1
16 0 4 10 9 2 12 5 3 6 15 11 7 8 14 13 1 115

264
1
7 0 7 8 10 11 6 1 56

265
1
6 0 10 4 12 8 1 50

266
1
4 0 11 7 1 40

267
1
9 0 2 6 7 11 12 13 15 1 55

268
1
9 0 3 4 14 15 11 13 7 1 82

269
1
5 0 3 11 9 1 47

270
1
9 0 9 3 11 12 7 8 15 1 85

271
1
9 0 2 4 14 13 7 15 9 1 79

272
1
4 0 5 12 1 40

273
1
7 0 2 3 7 8 12 1 77

274
1
6 0 15 12 8 10 1 53

275
1
10 0 14 4 5 6 10 11 8 13 1 105

276
2
6 0 3 12 8 9 1 62
7 0 3 12 8 10 13 1 62

277
2
6 0 2 3 5 6 1 44
6 0 2 3 12 14 1 44

278
2
6 0 13 4 15 9 1 62
6 0 13 4 15 11 1 62

279
1
6 0 3 12 14 9 1 66

280
1
8 0 2 3 5 9 10 15 1 50

281
1
7 0 2 3 11 7 9 1 55

282
2
8 0 9 3 10 4 6 8 1 77
8 0 9 3 10 4 6 14 1 77

283
1
7 0 9 6 7 14 15 1 48

284
2
6 0 3 4 9 13 1 51
7 0 3 4 9 14 13 1 51

285
1
6 0 3 11 15 9 1 60

286
2
8 0 2 5 8 10 9 14 1 73
7 0 2 5 8 10 14 1 73

287
3
8 0 10 3 4 12 15 9 1 55
7 0 10 3 4 12 13 1 55
8 0 10 3 4 12 15 14 1 55

288
1
10 0 2 3 4 5 6 14 9 10 1 84

289
2
15 0 11 10 7 13 5 8 2 9 3 12 6 14 15 1 81
16 0 11 10 7 13 5 8 2 9 3 4 12 6 14 15 1 81

290
2
9 0 3 5 7 15 8 9 12 1 68
8 0 3 5 7 15 11 12 1 68

291
1
16 0 4 11 2 5 6 14 7 8 3 10 15 13 9 12 1 126

292
1
6 0 2 3 4 14 1 55

293
1
8 0 2 4 13 14 10 15 1 53

294
1
7 0 2 3 10 11 9 1 46

295
1
7 0 15 4 9 11 6 1 42

296
1
10 0 3 10 13 11 15 8 12 9 1 65

297
1
6 0 2 3 5 10 1 63

298
1
7 0 3 5 7 8 14 1 76

299
1
7 0 3 8 9 15 10 1 67

300
2
7 0 2 4 8 9 12 1 51
7 0 2 4 6 9 12 1 51

301
1
8 0 2 3 4 5 10 14 1 66

302
2
7 0 2 3 6 13 10 1 65
6 0 4 5 8 15 1 65

303
1
5 0 6 8 10 1 47

304
1
8 0 2 4 5 7 12 14 1 85

305
1
4 0 14 11 1 50

306
1
7 0 2 4 11 6 15 1 61

307
1
8 0 2 3 4 7 10 14 1 44

308
1
6 0 2 4 12 8 1 56

309
1
8 0 4 5 12 8 14 10 1 64

310
1
8 0 2 3 4 6 8 14 1 72

311
1
9 0 2 4 15 12 7 9 10 1 88

312
1
4 0 15 4 1 40

313
1
7 0 11 12 3 14 15 1 63

314
1
5 0 12 11 2 1 38

315
1
5 0 7 14 10 1 50

316
1
9 0 3 5 11 8 9 10 12 1 66

317
1
5 0 3 12 14 1 43

318
1
7 0 2 5 6 8 10 1 60

319
1
9 0 2 4 8 13 5 9 15 1 55

320
1
4 0 7 15 1 28

321
1
10 0 2 5 9 12 6 10 7 8 1 66

322
1
8 0 2 3 15 7 8 11 1 76

323
1
8 0 2 3 11 13 6 7 1 52

324
1
7 0 15 3 4 8 10 1 68

325
1
8 0 8 9 10 5 15 14 1 60

326
1
8 0 2 4 12 8 10 11 1 75

327
1
16 0 6 12 11 14 8 5 3 13 4 7 9 10 2 15 1 120

328
1
9 0 2 3 8 4 11 12 13 1 72

329
1
8 0 2 3 13 15 14 11 1 95

330
1
9 0 2 3 10 5 14 6 7 1 79

331
1
9 0 2 3 11 7 5 15 14 1 56

332
1
10 0 3 4 12 6 10 7 15 11 1 80

333
1
7 0 2 3 8 14 10 1 70

334
1
8 0 9 10 5 6 15 7 1 76

335
1
6 0 15 4 7 10 1 53

336
1
16 0 6 15 12 11 3 9 8 7 4 5 10 13 14 2 1 135

337
2
3 0 9 1 24
4 0 9 5 1 24

338
1
9 0 2 4 5 11 6 12 7 1 75

339
1
5 0 5 10 12 1 41

340
1
6 0 3 11 7 12 1 59

341
2
8 0 2 4 15 5 11 13 1 80
9 0 2 3 4 15 5 11 13 1 80

342
1
7 0 15 12 13 7 10 1 60

343
1
6 0 2 5 8 12 1 53

344
2
9 0 2 3 9 10 6 7 8 1 80
10 0 2 4 12 9 10 6 7 8 1 80

345
1
8 0 2 4 13 8 9 14 1 52

346
1
9 0 10 11 3 13 14 8 9 1 87

347
3
6 0 5 13 9 10 1 45
5 0 5 13 12 1 45
8 0 3 11 6 7 14 12 1 45

348
2
6 0 9 5 14 7 1 60
6 0 9 5 14 15 1 60

349
1
7 0 15 7 8 11 12 1 49

350
1
7 0 2 3 14 9 15 1 62

351
2
5 0 10 8 12 1 58
6 0 10 8 9 13 1 58

352
1
4 0 11 15 1 38

353
1
6 0 10 15 11 9 1 56

354
1
7 0 3 5 14 10 15 1 63

355
1
7 0 2 7 12 9 14 1 50

356
1
8 0 2 4 5 15 7 10 1 80

357
1
6 0 2 3 7 11 1 42

358
1
8 0 2 3 6 8 11 12 1 54

359
1
7 0 10 12 13 9 15 1 74

360
1
10 0 2 3 5 6 13 7 14 10 1 61

361
3
8 0 10 11 12 5 13 14 1 43
9 0 8 3 11 12 5 13 14 1 43
7 0 9 4 6 13 14 1 43

362
1
7 0 2 3 5 15 8 1 49

363
2
8 0 10 11 3 5 8 9 1 60
9 0 10 11 3 14 6 7 9 1 60

364
1
4 0 5 12 1 25

365
1
4 0 7 2 1 34

366
2
8 0 2 3 12 7 8 11 1 74
7 0 2 3 12 7 15 1 74

367
1
6 0 4 10 7 9 1 64

368
1
8 0 15 3 11 6 7 14 1 64

369
1
8 0 7 10 3 6 11 14 1 65

370
1
9 0 3 9 10 5 14 12 11 1 68

371
2
9 0 2 4 7 8 5 6 12 1 97
9 0 3 4 7 8 5 6 12 1 97

372
1
4 0 10 12 1 29

373
1
6 0 2 3 10 9 1 70

374
1
7 0 3 9 10 5 8 1 58

375
1
7 0 3 5 8 14 13 1 58

376
1
7 0 13 5 7 15 11 1 54

377
1
7 0 3 13 7 8 11 1 69

378
1
8 0 3 12 5 15 9 10 1 72

379
1
6 0 2 3 6 7 1 42

380
1
8 0 2 3 12 13 6 8 1 76

381
2
6 0 10 6 8 9 1 52
6 0 10 7 8 9 1 52

382
1
9 0 2 3 5 7 8 12 13 1 78

383
2
7 0 3 4 13 10 15 1 62
8 0 3 4 13 14 10 15 1 62

384
1
8 0 2 3 12 14 7 9 1 84

385
1
7 0 12 5 14 7 10 1 76

386
3
5 0 5 14 8 1 37
5 0 15 14 8 1 37
6 0 2 3 6 13 1 37

387
1
8 0 2 4 15 7 10 11 1 48

388
2
8 0 2 6 8 15 10 11 1 53
7 0 2 6 15 10 11 1 53

389
1
8 0 12 13 4 8 10 11 1 69

390
1
9 0 3 4 11 6 13 15 8 1 74

391
1
9 0 2 3 10 11 4 12 15 1 56

392
1
9 0 2 3 9 15 6 13 14 1 68

393
1
16 0 6 10 5 11 14 3 12 13 9 8 2 4 15 7 1 132

394
1
8 0 2 3 11 5 7 12 1 79

395
1
8 0 2 3 4 12 15 14 1 79

396
1
8 0 2 3 12 5 7 11 1 53

397
1
5 0 10 2 3 1 52

398
1
16 0 13 4 14 6 2 3 10 12 7 9 11 5 15 8 1 130

399
1
6 0 2 3 7 11 1 46

400
1
7 0 3 9 5 11 8 1 67

401
1
10 0 2 3 8 5 14 6 15 7 1 51

402
1
6 0 3 14 11 15 1 49

403
1
8 0 2 4 8 7 5 6 1 60

404
1
7 0 2 7 15 10 11 1 52

405
1
5 0 3 5 7 1 52

406
1
8 0 2 4 7 8 15 12 1 68

407
2
6 0 8 10 7 12 1 67
7 0 2 4 10 7 12 1 67

408
1
7 0 2 4 5 8 12 1 61

409
1
7 0 2 3 4 6 10 1 70

410
1
9 0 2 3 10 7 8 11 12 1 62

411
1
9 0 4 12 13 6 8 15 9 1 63

412
1
16 0 4 14 7 11 8 9 10 15 12 5 3 2 13 6 1 91

413
1
6 0 2 4 9 15 1 48

414
2
7 0 3 11 7 14 12 1 68
7 0 3 11 7 14 15 1 68

415
1
4 0 15 5 1 27

416
1
8 0 3 9 10 6 7 8 1 61

417
1
8 0 11 4 5 7 15 8 1 72

418
1
7 0 2 6 10 11 12 1 60

419
1
7 0 11 6 15 7 10 1 64

420
4
8 0 2 3 12 13 9 10 1 67
9 0 2 3 12 13 14 9 10 1 67
9 0 2 3 11 6 14 9 10 1 67
8 0 2 3 12 15 9 10 1 67

421
1
5 0 2 7 12 1 48

422
1
7 0 3 11 8 9 13 1 68

423
1
8 0 2 4 8 12 9 11 1 75

424
1
9 0 3 4 5 6 15 12 8 1 75

425
1
7 0 2 3 10 7 9 1 60

426
1
10 0 2 3 4 8 6 9 14 13 1 79

427
2
4 0 8 4 1 45
4 0 5 15 1 45

428
1
7 0 3 12 9 14 15 1 33

429
1
16 0 4 6 12 8 15 14 10 9 5 13 7 2 3 11 1 124

430
1
4 0 3 4 1 35

431
1
8 0 12 4 6 8 15 10 1 56

432
1
7 0 8 9 10 15 7 1 64

433
1
9 0 3 12 7 8 13 9 10 1 79

434
1
10 0 2 3 4 14 7 9 11 13 1 74

435
1
7 0 2 3 11 5 12 1 77

436
1
6 0 3 5 6 12 1 62

437
1
7 0 4 6 8 10 11 1 62

438
1
9 0 14 11 4 7 8 13 10 1 66

439
1
6 0 2 5 6 13 1 53

440
1
9 0 2 3 5 6 8 13 14 1 91

441
1
6 0 10 5 7 9 1 61

442
1
16 0 2 4 15 6 3 12 5 10 8 13 11 9 14 7 1 85

443
1
6 0 10 4 6 14 1 42

444
2
15 0 8 13 3 4 5 11 7 10 12 9 14 2 6 1 134
16 0 8 13 3 4 5 11 7 10 12 9 14 2 15 6 1 134

445
2
4 0 13 3 1 45
4 0 13 5 1 45

446
2
6 0 2 4 5 13 1 51
6 0 2 4 5 7 1 51

447
1
6 0 3 4 11 8 1 63

448
1
7 0 2 4 6 11 9 1 48

449
1
8 0 2 4 5 12 13 8 1 78

450
1
7 0 12 4 8 10 6 1 67

451
1
9 0 2 3 5 15 8 9 10 1 83

452
1
7 0 2 3 11 6 13 1 54

453
1
16 0 4 12 2 15 7 6 3 11 13 14 9 10 8 5 1 115

454
2
5 0 2 3 8 1 58
5 0 2 3 11 1 58

455
1
9 0 8 9 10 4 12 7 14 1 46

456
1
8 0 7 11 14 15 4 13 1 90

457
1
8 0 2 3 4 5 11 7 1 85

458
1
9 0 2 3 12 8 14 9 11 1 71

459
1
7 0 14 10 4 5 15 1 81

460
2
7 0 2 5 10 7 13 1 59
8 0 4 15 5 10 7 13 1 59

461
1
9 0 9 10 3 6 7 8 15 1 75

462
1
7 0 3 9 5 13 11 1 69

463
2
9 0 2 3 10 11 14 8 9 1 79
8 0 2 3 12 15 8 9 1 79

464
2
9 0 2 3 5 6 7 8 9 1 37
10 0 2 3 5 6 7 8 13 14 1 37

465
1
6 0 2 3 6 15 1 45

466
1
3 0 10 1 26

467
1
9 0 2 5 14 13 15 9 11 1 85

468
1
9 0 2 3 11 12 15 13 8 1 73

469
1
7 0 3 14 15 9 11 1 61

470
1
5 0 11 9 13 1 31

471
2
15 0 11 5 8 2 13 14 10 7 9 6 15 3 12 1 115
16 0 11 5 8 2 4 13 14 10 7 9 6 15 3 12 1 115

472
1
6 0 13 12 6 7 1 54

473
1
8 0 4 6 8 15 13 10 1 59

474
1
4 0 9 13 1 47

475
1
6 0 9 4 5 12 1 40

476
1
13 0 2 3 7 8 9 11 13 10 4 14 5 1 121

477
1
7 0 11 3 12 15 9 1 56

478
1
7 0 4 11 14 7 8 1 69

479
1
6 0 10 11 7 15 1 57

480
2
8 0 2 3 5 7 12 9 1 62
7 0 2 3 5 7 9 1 62

481
1
8 0 3 4 5 6 11 12 1 60

482
1
8 0 2 4 6 15 7 10 1 80

483
1
16 0 4 8 5 15 14 13 9 2 3 6 7 11 12 10 1 102

484
1
8 0 2 3 4 7 12 10 1 48

485
1
4 0 5 15 1 34

486
1
8 0 2 5 6 8 13 11 1 62

487
1
5 0 11 15 7 1 61

488
1
7 0 12 4 5 6 11 1 40

489
1
8 0 8 3 12 14 6 10 1 68

490
2
7 0 9 12 7 8 13 1 73
8 0 2 3 4 7 8 13 1 73

491
1
5 0 12 13 8 1 53

492
1
4 0 9 3 1 28

493
1
5 0 4 7 15 1 64

494
1
8 0 9 3 4 5 15 8 1 85

495
2
7 0 9 10 11 13 15 1 50
7 0 3 10 11 13 15 1 50

496
1
7 0 2 3 4 10 7 1 59

497
1
8 0 2 3 11 4 9 10 1 63

498
1
7 0 2 4 6 13 14 1 59

499
1
6 0 2 3 8 12 1 50

500
1
8 0 9 3 4 13 6 8 1 69

501
1
8 0 11 3 12 4 7 15 1 68

502
1
8 0 2 4 5 13 6 15 1 63

503
1
6 0 2 7 8 10 1 51

504
1
7 0 3 9 11 6 7 1 70

505
1
8 0 2 3 5 9 6 15 1 68

506
1
7 0 2 3 4 9 10 1 56

507
1
5 0 4 10 7 1 48

508
1
8 0 10 4 11 8 12 9 1 68

509
1
8 0 9 4 10 13 6 7 1 108

510
1
7 0 3 10 14 5 15 1 58

511
1
8 0 2 3 4 7 15 9 1 87

512
1
16 0 5 13 15 6 10 3 14 11 12 8 7 4 9 2 1 121

513
1
8 0 3 8 6 10 15 7 1 93

514
1
7 0 2 4 6 9 14 1 61

515
1
8 0 2 4 5 6 12 10 1 84

516
1
7 0 9 10 11 13 7 1 77

517
1
9 0 11 3 5 6 15 7 9 1 62

518
2
5 0 8 9 10 1 41
6 0 8 9 4 10 1 41

519
1
5 0 2 3 6 1 41

520
1
7 0 2 4 6 15 11 1 64

521
1
8 0 3 10 15 14 13 6 1 57

522
1
6 0 3 8 9 10 1 66

523
2
7 0 9 4 6 8 12 1 50
7 0 9 4 6 8 13 1 50

524
1
9 0 3 5 6 7 10 14 11 1 86

525
1
6 0 10 3 7 14 1 50

526
1
9 0 2 3 4 6 14 7 13 1 86

527
1
16 0 3 9 15 10 2 6 11 5 13 4 12 7 14 8 1 81

528
1
8 0 14 11 4 15 5 9 1 67

529
1
6 0 2 3 6 14 1 53

530
1
6 0 9 3 12 7 1 66

531
1
6 0 2 3 7 15 1 47

532
1
6 0 2 5 10 11 1 69

533
2
7 0 4 5 6 9 10 1 60
6 0 4 5 6 7 1 60

534
2
7 0 3 4 8 12 13 1 69
7 0 15 4 8 12 13 1 69

535
1
16 0 6 10 5 7 2 9 12 3 15 13 11 14 8 4 1 129

536
1
8 0 9 10 14 3 11 7 1 59

537
1
9 0 2 4 5 11 12 15 13 1 80

538
1
6 0 4 5 9 10 1 73

539
1
8 0 10 14 5 6 8 15 1 61

540
1
6 0 2 5 14 10 1 46

541
1
9 0 3 7 9 10 13 11 14 1 101

542
1
10 0 2 5 7 12 8 10 13 11 1 82

543
1
9 0 2 3 7 4 5 9 13 1 93

544
1
8 0 10 4 12 13 9 15 1 55

545
2
6 0 2 3 5 13 1 42
6 0 2 3 11 6 1 42

546
1
16 0 14 5 11 9 4 3 10 12 7 15 13 8 6 2 1 111

547
1
9 0 2 3 9 5 10 15 11 1 76

548
1
8 0 2 4 5 6 13 10 1 70

549
1
9 0 2 3 14 5 7 12 9 1 60

550
1
8 0 11 4 15 8 14 9 1 77

551
1
8 0 3 5 10 6 11 15 1 65

552
1
8 0 3 5 6 12 8 9 1 65

553
1
16 0 3 12 10 11 7 6 5 8 14 13 4 15 2 9 1 111

554
1
7 0 2 4 13 9 12 1 67

555
4
9 0 2 3 12 5 7 14 10 1 63
9 0 2 3 12 6 7 14 10 1 63
9 0 2 3 12 5 7 8 11 1 63
9 0 2 3 12 6 7 8 11 1 63

556
1
8 0 2 3 6 15 7 14 1 59

557
1
8 0 2 3 6 7 8 12 1 57

558
1
8 0 12 4 6 7 10 14 1 64

559
1
6 0 13 5 6 10 1 66

560
1
8 0 2 4 14 13 6 7 1 63

561
1
7 0 2 6 8 9 10 1 71

562
2
9 0 9 10 4 5 15 6 8 1 66
7 0 9 10 4 7 12 1 66

563
1
8 0 2 5 14 6 7 12 1 67

564
1
9 0 2 3 12 7 8 13 9 1 64

565
1
8 0 9 11 6 7 15 12 1 66

566
1
7 0 2 3 4 14 10 1 54

567
1
8 0 3 4 12 6 13 15 1 95

568
1
7 0 3 4 5 14 10 1 62

569
2
8 0 9 4 5 11 13 7 1 82
9 0 2 3 4 5 11 13 7 1 82

570
1
7 0 4 5 8 13 14 1 58

571
2
8 0 10 4 14 11 8 15 1 59
8 0 13 4 14 11 8 15 1 59

572
1
8 0 10 3 6 15 9 13 1 65

573
1
6 0 8 9 5 7 1 59

574
1
5 0 13 15 11 1 31

575
1
7 0 2 3 9 13 15 1 60

576
2
8 0 8 4 6 13 11 14 1 77
8 0 3 4 6 13 11 14 1 77

577
1
7 0 2 4 15 8 9 1 69

578
1
11 0 2 3 14 4 5 11 15 12 13 1 98

579
2
5 0 2 7 8 1 41
5 0 2 7 10 1 41

580
1
4 0 11 6 1 24

581
5
6 0 13 6 8 10 1 45
7 0 13 6 8 14 10 1 45
6 0 13 6 8 11 1 45
6 0 13 6 8 12 1 45
7 0 13 6 8 14 12 1 45

582
1
7 0 14 4 5 6 8 1 61

583
1
8 0 2 3 4 13 9 14 1 74

584
1
8 0 2 6 7 8 15 10 1 69

585
1
7 0 2 5 6 8 11 1 54

586
1
10 0 2 3 12 4 15 7 10 14 1 85

587
1
9 0 5 7 8 4 10 12 13 1 80

588
1
10 0 11 12 3 5 9 14 15 10 1 77

589
3
9 0 2 3 11 7 15 9 10 1 73
10 0 2 3 11 4 7 15 9 10 1 73
9 0 2 3 13 7 15 9 10 1 73

590
1
7 0 2 5 13 12 10 1 80

591
1
6 0 7 5 6 15 1 42

592
2
8 0 2 5 13 6 7 9 1 70
9 0 2 4 5 13 6 7 9 1 70

593
1
7 0 2 5 15 12 6 1 43

594
1
7 0 4 5 12 8 11 1 65

595
1
4 0 5 7 1 31

596
1
6 0 4 5 6 14 1 59

597
1
9 0 2 3 5 14 10 13 15 1 64

598
1
7 0 2 5 6 13 14 1 32

599
1
5 0 5 10 15 1 28

600
1
16 0 10 15 11 2 14 13 5 8 3 4 9 12 7 6 1 97

601
1
7 0 8 4 12 6 7 1 76

602
1
8 0 2 3 4 12 7 9 1 64

603
1
9 0 3 11 4 8 15 14 10 1 93

604
1
8 0 2 3 10 15 13 6 1 78

605
2
8 0 2 3 4 14 10 11 1 69
9 0 2 3 4 14 15 12 11 1 69

606
1
5 0 6 3 5 1 36

607
1
7 0 2 4 5 6 8 1 55

608
1
7 0 3 8 10 11 7 1 67

609
1
8 0 14 6 7 15 10 11 1 66

610
2
16 0 3 14 15 2 12 10 4 5 11 7 13 6 8 9 1 104
15 0 3 14 15 12 10 4 5 11 7 13 6 8 9 1 104

611
2
8 0 3 10 4 6 8 9 1 43
7 0 3 10 4 6 9 1 43

612
1
9 0 7 8 13 14 4 11 6 1 81

613
1
8 0 3 4 10 7 8 11 1 79

614
1
9 0 2 3 5 11 7 15 8 1 63

615
1
9 0 2 3 11 6 9 15 14 1 95

616
1
6 0 2 3 7 12 1 57

617
2
7 0 8 4 14 10 12 1 66
7 0 8 5 6 10 12 1 66

618
1
8 0 2 3 5 7 12 14 1 81

619
1
16 0 8 15 5 11 7 3 6 14 12 9 4 13 2 10 1 139

620
1
8 0 4 13 14 5 9 12 1 75

621
1
8 0 2 4 14 10 11 15 1 72

622
1
10 0 3 4 6 7 13 14 15 11 1 83

623
1
8 0 2 4 13 14 15 9 1 71

624
1
8 0 2 3 6 8 11 12 1 41

625
1
4 0 7 8 1 42

626
1
6 0 5 7 13 12 1 47

627
1
6 0 12 3 13 14 1 61

628
1
9 0 8 9 4 14 13 5 7 1 76

629
1
7 0 4 12 13 10 11 1 65

630
1
16 0 2 6 8 15 12 13 14 5 7 11 3 10 4 9 1 98

631
1
9 0 2 3 4 13 8 11 5 1 71

632
1
9 0 13 4 7 8 11 15 10 1 88

633
1
8 0 11 4 5 7 8 15 1 78

634
1
16 0 15 13 8 10 7 3 6 14 9 11 2 12 5 4 1 118

635
1
16 0 4 5 2 14 8 13 10 3 12 6 9 11 15 7 1 133

636
1
16 0 13 3 6 9 7 12 15 8 11 10 4 2 14 5 1 135

637
1
6 0 3 4 14 9 1 44

638
1
8 0 7 10 11 15 13 14 1 54

639
1
8 0 2 3 5 14 15 8 1 71

640
1
11 0 2 3 5 12 7 14 9 10 11 1 97

641
1
8 0 3 4 5 12 8 14 1 50

642
1
7 0 2 3 13 9 10 1 49

643
1
5 0 2 7 14 1 39

644
2
4 0 2 8 1 47
6 0 2 3 4 7 1 47

645
1
8 0 5 6 7 8 9 10 1 80

646
1
9 0 2 3 5 11 8 15 9 1 53

647
1
6 0 11 3 8 15 1 64

648
1
5 0 14 7 10 1 42

649
1
7 0 3 13 7 8 12 1 59

650
1
5 0 13 5 12 1 42

651
1
9 0 2 4 7 9 10 13 11 1 83

652
1
7 0 2 4 11 7 8 1 56

653
1
6 0 2 4 11 8 1 49

654
1
10 0 2 3 4 14 9 5 11 15 1 94

655
1
9 0 11 4 5 6 9 14 10 1 64

656
1
8 0 2 5 6 7 8 12 1 72

657
1
7 0 3 15 5 11 7 1 70

658
1
7 0 3 5 6 15 14 1 63

659
1
7 0 2 4 14 7 8 1 65

660
1
7 0 11 9 7 13 15 1 66

661
2
8 0 2 3 13 14 15 10 1 79
9 0 2 3 4 13 14 15 10 1 79

662
1
8 0 2 3 10 15 5 8 1 66

663
1
7 0 2 3 6 9 10 1 79

664
1
7 0 2 4 6 7 12 1 66

665
1
7 0 2 4 6 12 11 1 74

666
1
8 0 3 8 15 6 13 10 1 67

667
1
7 0 4 5 9 13 15 1 70

668
2
8 0 5 6 15 12 11 8 1 71
7 0 5 6 15 14 9 1 71

669
1
5 0 2 6 14 1 34

670
1
7 0 3 13 6 7 14 1 63

671
1
6 0 3 4 8 11 1 36

672
2
6 0 4 11 7 14 1 48
6 0 4 12 7 14 1 48

673
2
7 0 2 5 7 8 10 1 77
7 0 2 5 7 8 11 1 77

674
1
6 0 2 3 5 10 1 47

675
1
7 0 2 4 6 10 11 1 64

676
1
16 0 15 6 3 14 5 4 7 8 13 10 9 11 12 2 1 100

677
1
5 0 13 15 10 1 47

678
3
11 0 3 4 5 6 7 11 12 9 10 1 69
12 0 3 4 5 6 7 11 12 13 9 10 1 69
11 0 3 4 5 6 7 11 14 9 10 1 69

679
1
4 0 2 3 1 39

680
1
7 0 2 3 13 7 8 1 53

681
1
7 0 3 9 7 10 8 1 44

682
1
6 0 4 11 8 14 1 66

683
1
9 0 2 3 12 7 8 13 15 1 91

684
2
6 0 13 6 15 9 1 70
6 0 13 6 15 11 1 70

685
1
11 0 3 11 4 6 13 15 9 10 12 1 96

686
2
8 0 10 4 11 12 7 8 1 68
9 0 10 4 11 12 7 9 15 1 68

687
1
8 0 2 6 7 15 8 10 1 77

688
2
6 0 14 4 7 9 1 57
7 0 11 3 6 10 13 1 57

689
1
7 0 13 3 7 8 9 1 60

690
1
9 0 2 3 5 13 6 12 8 1 78

691
2
7 0 2 4 5 15 9 1 59
7 0 2 4 14 15 9 1 59

692
2
7 0 14 3 4 7 9 1 64
8 0 14 3 6 12 7 9 1 64

693
1
9 0 3 11 4 5 15 12 10 1 61

694
1
7 0 6 3 15 9 5 1 72

695
2
3 0 11 1 23
5 0 3 8 5 1 23

696
1
8 0 2 4 14 7 8 11 1 50

697
1
7 0 3 12 13 14 8 1 70

698
2
7 0 10 5 6 13 9 1 40
5 0 10 11 4 1 40

699
1
9 0 11 12 4 6 9 10 15 1 89

700
1
5 0 2 4 8 1 45

701
1
9 0 2 3 6 7 8 9 10 1 93

702
1
9 0 11 3 13 8 9 4 10 1 35

703
1
7 0 2 7 8 10 11 1 57

704
1
9 0 2 3 5 15 6 9 13 1 67

705
3
6 0 10 3 7 8 1 60
6 0 4 13 7 8 1 60
6 0 2 6 7 8 1 60

706
1
4 0 5 10 1 35

707
2
16 0 5 3 8 4 6 15 13 9 14 10 7 12 11 2 1 114
15 0 5 3 8 4 6 15 13 9 14 7 12 11 2 1 114

708
1
8 0 2 3 11 5 7 8 1 65

709
1
6 0 3 8 9 11 1 54

710
1
6 0 3 11 7 12 1 33

711
1
7 0 2 6 7 8 11 1 67

712
1
6 0 3 8 9 14 1 71

713
1
11 0 2 3 4 5 6 7 9 14 11 1 59

714
1
16 0 11 4 5 10 2 12 9 8 6 13 7 15 3 14 1 145

715
1
11 0 2 3 4 9 10 11 13 15 14 1 127

716
1
9 0 2 3 4 5 13 6 15 1 73

717
1
9 0 2 3 11 8 15 9 12 1 94

718
2
7 0 3 8 9 5 6 1 47
8 0 3 8 9 5 12 15 1 47

719
1
8 0 2 3 10 5 6 7 1 62

720
1
6 0 10 4 13 9 1 68

721
1
7 0 2 5 6 13 14 1 61

722
1
9 0 2 6 7 13 8 12 15 1 80

723
1
8 0 2 5 15 11 9 10 1 77

724
1
8 0 2 3 6 7 13 10 1 87

725
1
7 0 3 4 11 5 9 1 80

726
1
7 0 2 3 5 10 11 1 59

727
2
9 0 6 9 5 10 11 12 14 1 74
10 0 7 8 15 5 10 11 12 14 1 74

728
1
16 0 5 6 12 8 13 14 4 7 15 3 10 11 9 2 1 91

729
1
9 0 9 10 12 6 14 7 8 1 68

730
1
6 0 13 5 8 11 1 76

731
2
6 0 12 4 5 7 1 43
7 0 12 4 5 6 7 1 43

732
1
7 0 7 8 3 4 10 1 66

733
1
16 0 6 5 15 11 3 7 2 13 14 10 4 9 12 8 1 109

734
2
7 0 2 3 12 4 13 1 62
8 0 9 11 3 12 4 13 1 62

735
1
6 0 5 14 8 11 1 62

736
1
9 0 2 3 4 6 7 9 12 1 74

737
1
8 0 2 5 6 7 9 12 1 56

738
1
7 0 4 10 12 13 7 1 57

739
2
8 0 4 5 8 9 15 11 1 71
8 0 2 6 8 9 15 11 1 71

740
1
5 0 15 9 13 1 45

741
1
8 0 4 5 15 6 13 14 1 65

742
1
9 0 2 4 9 10 11 7 13 1 83

743
2
7 0 11 5 8 10 15 1 45
7 0 14 5 8 10 15 1 45

744
1
6 0 2 5 11 13 1 49

745
1
7 0 2 3 10 8 14 1 45

746
4
10 0 2 4 11 8 9 13 5 15 1 61
9 0 2 3 8 9 13 5 15 1 61
11 0 2 4 11 8 12 9 13 5 15 1 61
10 0 2 3 8 12 9 13 5 15 1 61

747
1
6 0 15 10 5 9 1 64

748
1
7 0 3 4 6 9 12 1 59

749
1
10 0 7 8 11 4 5 10 12 13 1 57

750
1
9 0 2 4 13 15 11 8 9 1 84

751
1
11 0 8 3 13 4 5 7 10 11 12 1 81

752
1
9 0 2 3 12 5 13 9 10 1 59

753
1
9 0 8 10 4 6 11 12 14 1 69

754
1
6 0 2 3 10 14 1 52

755
1
4 0 6 8 1 44

756
2
7 0 2 3 6 7 10 1 57
7 0 2 4 6 7 10 1 57

757
1
8 0 4 13 6 8 9 14 1 68

758
1
8 0 2 4 10 6 11 9 1 54

759
1
8 0 4 14 6 7 8 13 1 71

760
1
7 0 9 4 5 7 13 1 63

761
2
16 0 3 13 9 4 10 2 8 7 6 14 15 12 11 5 1 142
15 0 3 13 9 4 10 2 8 7 14 15 12 11 5 1 142

762
1
4 0 4 7 1 59

763
1
8 0 2 3 5 6 15 8 1 61

764
1
8 0 15 13 5 7 8 9 1 53

765
1
9 0 2 4 12 14 13 10 11 1 81

766
1
7 0 2 3 10 12 15 1 81

767
1
6 0 9 4 15 12 1 43

768
1
9 0 11 8 15 9 13 10 12 1 73

769
1
6 0 2 5 7 9 1 54

770
4
8 0 2 3 4 5 7 8 1 71
7 0 11 4 5 7 8 1 71
9 0 2 3 4 5 7 13 9 1 71
8 0 11 4 5 7 13 9 1 71

771
1
5 0 3 4 6 1 52

772
2
11 0 2 3 8 13 5 10 11 6 14 1 68
12 0 2 3 8 13 5 10 11 12 7 14 1 68

773
1
9 0 2 3 7 11 14 5 6 1 84

774
1
9 0 11 13 14 15 12 8 10 1 77

775
1
8 0 3 12 9 13 10 11 1 58

776
1
8 0 12 8 9 11 14 13 1 64

777
1
8 0 3 5 6 14 15 13 1 49

778
2
7 0 2 4 13 9 12 1 67
7 0 3 4 13 9 12 1 67

779
1
7 0 10 3 4 6 7 1 86

780
1
9 0 2 3 4 5 6 10 7 1 82

781
1
7 0 11 15 12 8 14 1 34

782
1
7 0 12 3 4 9 11 1 37

783
1
8 0 2 3 6 9 15 7 1 70

784
2
7 0 2 6 7 8 10 1 56
7 0 3 6 7 8 10 1 56

785
1
8 0 2 3 4 13 12 6 1 79

786
4
7 0 8 9 10 14 7 1 75
8 0 8 5 9 10 14 7 1 75
8 0 2 5 9 10 14 7 1 75
7 0 2 3 4 14 7 1 75

787
1
7 0 2 4 5 6 9 1 60

788
2
7 0 10 3 14 5 12 1 43
8 0 10 3 14 5 6 13 1 43

789
1
8 0 2 3 4 15 9 12 1 69

790
2
8 0 2 3 14 5 9 10 1 54
8 0 2 3 14 5 9 11 1 54

791
2
9 0 2 6 13 7 8 10 11 1 94
9 0 15 6 13 7 8 10 11 1 94

792
1
16 0 15 5 7 9 6 12 2 4 13 3 14 8 10 11 1 128

793
1
7 0 8 3 4 5 14 1 45

794
2
8 0 2 4 9 7 10 12 1 71
7 0 14 9 7 10 12 1 71

795
1
4 0 7 11 1 43

796
1
16 0 3 4 2 6 7 5 13 12 8 11 15 14 9 10 1 108

797
2
7 0 14 9 11 12 13 1 49
7 0 2 6 11 12 13 1 49

798
2
10 0 2 3 4 6 13 8 11 9 1 79
11 0 2 3 4 6 13 8 14 11 9 1 79

799
1
8 0 11 4 5 6 12 9 1 55

800
1
6 0 12 14 10 15 1 77

801
1
4 0 2 5 1 23

802
1
9 0 2 3 6 10 14 11 15 1 115

803
1
6 0 5 6 15 13 1 49

804
1
7 0 2 3 5 15 9 1 78

805
1
7 0 2 5 13 14 8 1 69

806
1
5 0 2 8 9 1 54

807
1
7 0 2 8 9 10 12 1 51

808
1
6 0 4 14 5 9 1 62

809
1
9 0 4 14 5 12 13 6 8 1 48

810
1
7 0 2 3 4 12 7 1 49

811
1
6 0 15 13 8 14 1 66

812
1
9 0 2 3 10 12 13 7 9 1 46

813
1
7 0 14 4 12 13 15 1 64

814
1
8 0 9 4 6 8 12 14 1 84

815
1
8 0 11 4 14 12 13 8 1 79

816
1
14 0 2 3 5 6 11 14 7 15 9 12 13 10 1 106

817
1
7 0 13 5 14 9 11 1 51

818
1
9 0 4 12 6 7 13 10 11 1 91

819
1
3 0 11 1 21

820
1
10 0 2 3 11 6 13 8 14 10 1 75

821
1
7 0 12 3 14 15 9 1 68

822
1
8 0 2 3 5 6 8 12 1 67

823
1
8 0 2 5 12 9 14 11 1 64

824
2
9 0 10 4 5 14 8 9 15 1 57
7 0 10 4 5 14 7 1 57

825
1
10 0 2 3 8 5 9 6 7 12 1 59

826
1
7 0 11 12 14 15 7 1 75

827
1
8 0 2 4 11 5 15 13 1 72

828
1
6 0 13 7 8 12 1 61

829
1
7 0 4 5 12 15 9 1 57

830
1
8 0 2 3 4 8 13 6 1 44

831
1
7 0 11 9 15 6 13 1 45

832
1
7 0 2 3 5 8 14 1 55

833
1
7 0 2 3 13 7 8 1 41

834
2
8 0 2 3 8 11 9 7 1 81
7 0 14 8 11 9 7 1 81

835
1
8 0 2 3 12 8 13 14 1 80

836
1
7 0 12 10 13 5 8 1 63

837
1
8 0 9 10 11 15 7 13 1 91

838
1
9 0 11 12 7 8 9 15 10 1 68

839
1
8 0 8 3 9 11 7 15 1 52

840
1
8 0 2 3 5 6 12 9 1 67

841
2
15 0 2 4 14 7 9 6 10 5 8 15 13 12 11 1 127
16 0 2 3 4 14 7 9 6 10 5 8 15 13 12 11 1 127

842
2
6 0 14 15 11 7 1 47
7 0 14 15 11 12 7 1 47

843
1
6 0 12 4 8 10 1 53

844
1
16 0 2 9 11 4 7 6 8 3 5 15 10 13 14 12 1 111

845
1
6 0 2 4 9 10 1 53

846
1
9 0 2 5 13 7 8 9 10 1 87

847
1
9 0 2 3 4 7 8 11 12 1 71

848
1
7 0 2 3 12 7 13 1 68

849
1
8 0 2 4 9 14 10 8 1 73

850
1
9 0 2 7 9 10 11 12 13 1 74

851
1
6 0 12 3 14 11 1 46

852
1
7 0 12 15 6 7 13 1 68

853
1
8 0 2 3 10 5 7 8 1 54

854
1
5 0 3 13 6 1 51

855
1
8 0 2 4 5 6 14 8 1 78

856
1
7 0 10 15 5 11 9 1 78

857
1
6 0 14 11 6 9 1 59

858
1
8 0 2 3 5 6 14 15 1 75

859
1
4 0 10 2 1 36

860
1
7 0 2 3 10 12 13 1 58

861
1
8 0 2 3 4 15 5 11 1 71

862
1
8 0 2 5 6 12 13 14 1 63

863
2
7 0 10 11 3 15 8 1 44
8 0 10 11 3 14 15 8 1 44

864
1
6 0 4 11 12 14 1 53

865
1
4 0 7 14 1 46

866
2
8 0 8 10 6 15 11 12 1 75
9 0 8 10 6 15 11 13 14 1 75

867
1
9 0 9 11 3 5 14 8 15 1 83

868
1
8 0 3 5 7 8 10 15 1 87

869
1
7 0 4 13 5 8 9 1 47

870
1
6 0 4 5 6 12 1 72

871
1
6 0 10 6 12 13 1 54

872
2
7 0 2 6 12 8 9 1 47
6 0 2 6 8 9 1 47

873
1
7 0 11 13 6 7 15 1 61

874
1
7 0 4 5 8 14 15 1 72

875
1
9 0 2 3 11 5 9 14 10 1 91

876
1
8 0 2 3 4 5 7 8 1 86

877
1
6 0 2 4 11 12 1 58

878
1
6 0 8 4 5 10 1 54

879
1
7 0 2 4 12 13 9 1 52

880
1
8 0 2 4 5 11 13 15 1 75

881
1
8 0 11 12 13 6 7 9 1 80

882
1
9 0 8 9 3 13 5 6 7 1 76

883
1
5 0 7 9 6 1 55

884
1
6 0 2 3 7 8 1 38

885
1
7 0 11 4 13 9 14 1 48

886
1
6 0 5 13 7 15 1 47

887
1
8 0 2 3 6 13 8 11 1 65

888
1
7 0 2 4 6 14 8 1 64

889
1
9 0 9 10 13 5 7 11 12 1 58

890
1
6 0 15 5 6 8 1 61

891
1
6 0 10 11 7 14 1 62

892
1
10 0 2 3 9 10 6 14 13 8 1 84

893
1
6 0 10 14 6 9 1 72

894
1
8 0 2 3 10 11 12 8 1 82

895
1
8 0 9 3 5 6 11 15 1 83

896
2
8 0 2 4 6 13 14 9 1 66
7 0 2 4 12 15 9 1 66

897
1
7 0 2 4 5 9 13 1 59

898
2
9 0 4 11 5 6 13 8 10 1 66
8 0 4 11 5 6 8 10 1 66

899
2
8 0 11 12 6 7 8 10 1 90
8 0 11 12 6 7 8 14 1 90

900
1
9 0 2 3 14 4 5 6 7 1 74

901
1
8 0 4 5 12 7 15 8 1 75

902
1
7 0 2 3 5 7 15 1 67

903
1
9 0 2 3 6 8 11 12 15 1 51

904
1
7 0 2 3 5 6 8 1 79

905
1
7 0 2 3 7 11 15 1 59

906
1
6 0 2 4 7 11 1 32

907
1
7 0 13 6 7 15 11 1 59

908
1
6 0 9 11 13 7 1 54

909
1
9 0 4 5 13 8 11 14 12 1 66

910
1
8 0 2 5 11 7 8 9 1 92

911
1
8 0 2 3 9 6 10 12 1 74

912
1
7 0 14 10 12 8 15 1 64

913
1
9 0 3 4 14 6 11 12 15 1 79

914
1
9 0 2 3 10 5 15 7 12 1 50

915
1
8 0 12 13 15 8 9 11 1 40

916
1
5 0 14 9 11 1 58

917
1
7 0 9 3 13 14 10 1 74

918
1
6 0 12 7 14 10 1 48

919
2
7 0 2 5 15 11 12 1 58
6 0 2 5 15 12 1 58

920
1
7 0 2 3 15 6 10 1 63

921
1
9 0 3 5 12 15 6 14 8 1 71

922
1
6 0 13 7 10 11 1 43

923
1
6 0 11 9 5 15 1 36

924
1
7 0 2 3 8 15 10 1 65

925
1
8 0 8 9 15 10 11 14 1 68

926
2
7 0 2 3 13 12 6 1 63
7 0 2 3 13 12 7 1 63

927
1
16 0 15 9 10 14 7 2 11 8 6 5 13 3 4 12 1 152

928
1
7 0 14 12 5 6 9 1 59

929
1
6 0 14 6 8 12 1 51

930
2
7 0 9 10 12 7 14 1 48
9 0 9 10 3 11 6 7 14 1 48

931
1
9 0 2 3 4 7 8 13 15 1 83

932
1
7 0 4 13 7 8 11 1 53

933
1
7 0 4 12 10 7 13 1 59

934
2
5 0 5 8 13 1 52
6 0 5 6 8 13 1 52

935
1
8 0 2 3 7 8 15 13 1 91

936
2
7 0 2 3 7 15 11 1 42
7 0 13 5 7 15 11 1 42

937
1
8 0 11 10 6 15 8 14 1 71

938
1
16 0 3 8 6 2 5 14 11 13 4 10 12 7 15 9 1 114

939
1
10 0 11 3 4 13 6 7 8 10 1 82

940
1
8 0 2 4 6 11 15 14 1 58

941
1
7 0 3 4 7 10 5 1 64

942
1
7 0 7 8 4 15 6 1 56

943
1
11 0 2 3 4 5 15 8 10 14 12 1 64

944
1
4 0 9 13 1 29

945
1
5 0 2 3 6 1 50

946
1
7 0 15 6 7 9 14 1 83

947
1
6 0 3 4 13 14 1 59

948
2
8 0 2 3 11 7 13 8 1 72
8 0 4 5 11 7 13 8 1 72

949
1
7 0 2 6 8 11 12 1 69

950
1
10 0 2 3 12 7 9 14 10 15 1 75

951
1
16 0 13 10 7 8 2 9 5 3 11 12 6 4 15 14 1 129

952
1
9 0 4 6 14 9 15 12 13 1 67

953
1
7 0 2 4 7 14 12 1 71

954
1
8 0 4 5 11 13 8 9 1 66

955
1
7 0 3 14 12 7 8 1 60

956
1
8 0 8 3 4 12 14 5 1 56

957
1
6 0 2 3 10 13 1 66

958
1
5 0 10 9 11 1 33

959
1
10 0 3 4 6 7 12 13 8 9 1 88

960
1
8 0 2 3 8 5 14 13 1 72

961
1
8 0 2 3 12 8 9 10 1 94

962
1
9 0 2 3 10 4 13 14 8 1 63

963
1
9 0 2 3 15 5 7 8 14 1 83

964
1
7 0 11 13 5 6 8 1 79

965
1
10 0 2 3 4 10 11 5 6 8 1 73

966
2
6 0 2 6 8 13 1 50
7 0 3 11 6 8 13 1 50

967
1
6 0 2 3 13 14 1 58

968
1
9 0 10 12 13 5 14 9 15 1 96

969
1
4 0 4 10 1 37

970
1
7 0 7 8 13 6 15 1 56

971
1
8 0 2 6 15 7 12 10 1 93

972
2
6 0 12 13 15 9 1 61
6 0 12 13 15 10 1 61

973
1
11 0 2 4 14 7 8 9 10 11 15 1 77

974
1
7 0 12 4 5 6 7 1 52

975
3
6 0 9 10 12 14 1 48
6 0 11 10 12 14 1 48
5 0 7 12 14 1 48

976
1
9 0 12 3 15 8 14 5 6 1 68

977
1
9 0 2 4 11 12 14 6 8 1 86

978
1
6 0 10 3 4 11 1 52

979
1
9 0 2 3 4 6 9 10 11 1 77

980
1
9 0 2 3 12 4 5 8 15 1 64

981
1
11 0 2 3 14 13 6 15 8 10 11 1 80

982
1
5 0 11 2 6 1 34

983
1
7 0 10 4 14 15 7 1 75

984
1
5 0 2 6 8 1 43

985
1
7 0 4 5 6 8 13 1 63

986
4
7 0 3 11 6 9 13 1 50
7 0 3 4 6 9 13 1 50
8 0 3 11 6 15 9 13 1 50
8 0 3 4 6 15 9 13 1 50

987
1
16 0 6 5 8 7 3 9 4 13 11 2 14 12 15 10 1 122

988
1
7 0 2 3 6 8 9 1 66

989
2
3 0 13 1 21
3 0 7 1 21

990
1
7 0 2 4 5 6 15 1 60

991
1
9 0 2 3 8 9 10 7 15 1 73

992
1
7 0 3 13 4 6 9 1 45

993
1
16 0 15 14 9 6 13 12 8 11 5 7 10 4 3 2 1 124

994
1
6 0 8 11 4 15 1 62

995
1
16 0 13 2 9 11 15 10 7 3 14 8 5 12 6 4 1 133

996
1
6 0 2 3 6 8 1 58

997
1
9 0 5 6 7 15 10 14 13 1 90

998
2
7 0 3 4 5 9 7 1 45
6 0 3 4 5 7 1 45

999
1
6 0 9 10 11 7 1 51

